Species__,Time______,TFactor,St_Dev,,___spt,___est,N>0.00,N>0.98
S1        ,2000      ,   0.337,  0.010,   1338, 1338.0, 1338.0,   4445,    297
S10       ,2000      ,   0.254,  0.046,     35,   35.0,   35.0,    154,      4
S100      ,2000      ,   0.161,  0.047,     13,   13.0,   13.0,     80,      0
S101      ,2000      ,   0.434,  0.009,   2798, 2798.0, 2798.0,   4855,   1366
S102      ,2000      ,   0.293,  0.019,    272,  272.0,  272.0,    962,     80
S103      ,2000      ,   0.518,  0.010,   3657, 3657.0, 3657.0,   5001,   2112
S104      ,2000      ,   0.440,  0.010,   2606, 2606.0, 2606.0,   4654,   1345
S105      ,2000      ,   0.285,  0.019,    238,  238.0,  238.0,   1391,     25
S106      ,2000      ,   0.339,  0.014,    692,  692.0,  692.0,   2194,    269
S107      ,2000      ,   0.353,  0.035,    117,  117.0,  117.0,    471,     20
S108      ,2000      ,   0.153,  0.036,     20,   20.0,   20.0,    129,      9
S109      ,2000      ,   0.268,  0.024,    131,  131.0,  131.0,    745,     22
S11       ,2000      ,   0.345,  0.274,      2,    2.0,    2.0,     16,      0
S110      ,2000      ,   0.228,  0.023,    109,  109.0,  109.0,    678,     31
S111      ,2000      ,   0.497,  0.011,   2934, 2934.0, 2934.0,   4586,   1622
S112      ,2000      ,   0.384,  0.046,     79,   79.0,   79.0,    510,      5
S113      ,2000      ,   0.358,  0.012,    982,  982.0,  982.0,   3356,    257
S114      ,2000      ,   0.308,  0.023,    192,  192.0,  192.0,   1195,     11
S115      ,2000      ,   0.393,  0.019,    527,  527.0,  527.0,   1371,    179
S116      ,2000      ,   0.159,  0.075,      5,    5.0,    5.0,     32,      0
S117      ,2000      ,   1.251,  0.038,   5127, 5127.0, 5127.0,   5279,   3553
S118      ,2000      ,   0.157,  0.054,      9,    9.0,    9.0,    104,      0
S119      ,2000      ,   0.276,  0.036,     67,   67.0,   67.0,    229,     15
S12       ,2000      ,   0.315,  0.015,    472,  472.0,  472.0,   2364,     84
S120      ,2000      ,   0.316,  0.016,    437,  437.0,  437.0,   2249,     56
S121      ,2000      ,   0.362,  0.026,    223,  223.0,  223.0,    694,     76
S122      ,2000      ,   0.746,  0.015,   4587, 4587.0, 4587.0,   5253,   3223
S123      ,2000      ,   0.185,  0.087,      5,    5.0,    5.0,     54,      0
S124      ,2000      ,   0.675,  0.013,   4388, 4388.0, 4388.0,   5247,   3067
S125      ,2000      ,   0.249,  0.049,     27,   27.0,   27.0,    285,      0
S126      ,2000      ,   0.712,  0.015,   4238, 4238.0, 4238.2,   4946,   2984
S127      ,2000      ,   0.287,  0.015,    383,  383.0,  383.0,   1685,    126
S128      ,2000      ,   0.299,  0.027,    129,  129.0,  129.0,    899,     10
S129      ,2000      ,   0.540,  0.012,   2813, 2813.0, 2813.0,   4336,   1557
S13       ,2000      ,   0.928,  0.351,     10,   10.0,   10.0,     83,      0
S130      ,2000      ,   0.250,  0.136,      4,    4.0,    4.0,     38,      0
S131      ,2000      ,   0.264,  0.018,    234,  234.0,  234.0,    967,     60
S132      ,2000      ,   0.312,  0.062,     31,   31.0,   31.0,    156,     10
S133      ,2000      ,   0.183,  0.023,     66,   66.0,   66.0,    388,     13
S134      ,2000      ,   1.390,  1.583,      1,    1.0,    1.0,     12,      0
S135      ,2000      ,   0.211,  0.091,      6,    6.0,    6.0,     39,      0
S136      ,2000      ,   0.348,  0.013,    808,  808.0,  808.0,   3446,     84
S137      ,2000      ,   0.246,  0.028,     83,   83.0,   83.0,    556,      7
S138      ,2000      ,   0.270,  0.018,    236,  236.0,  236.0,    964,     73
S139      ,2000      ,   0.453,  0.009,   3567, 3567.0, 3567.0,   5259,   1949
S14       ,2000      ,   0.272,  0.061,     22,   22.0,   22.0,    178,      0
S140      ,2000      ,   0.353,  0.011,   1127, 1127.0, 1127.0,   3519,    358
S141      ,2000      ,   0.486,  0.012,   2159, 2159.0, 2159.0,   3724,   1348
S142      ,2000      ,   0.219,  0.017,    167,  167.0,  167.0,   1175,     18
S143      ,2000      ,   0.487,  0.009,   3615, 3615.0, 3615.0,   5181,   2177
S144      ,2000      ,   0.470,  0.010,   3051, 3051.0, 3051.0,   5183,   1402
S145      ,2000      ,   0.277,  0.019,    239,  239.0,  239.0,    799,     95
S146      ,2000      ,   1.233,  0.037,   5121, 5121.0, 5121.0,   5279,   3555
S147      ,2000      ,   0.346,  0.011,   1093, 1093.0, 1093.0,   3579,    269
S148      ,2000      ,   0.167,  0.039,     20,   20.0,   20.0,    157,      6
S149      ,2000      ,   0.444,  0.012,   1605, 1605.0, 1605.0,   3541,    837
S15       ,2000      ,   0.462,  0.103,     25,   25.0,   25.0,    155,      3
S150      ,2000      ,   0.480,  0.010,   2737, 2737.0, 2737.0,   4601,   1403
S151      ,2000      ,   0.661,  0.013,   4171, 4171.0, 4171.0,   5078,   2884
S152      ,2000      ,   0.578,  0.011,   4142, 4142.0, 4142.0,   5261,   2724
S153      ,2000      ,   0.176,  0.047,     15,   15.0,   15.0,    119,      1
S154      ,2000      ,   0.163,  0.032,     29,   29.0,   29.0,    192,      9
S155      ,2000      ,   0.242,  0.017,    211,  211.0,  211.0,   1018,     78
S156      ,2000      ,   0.203,  0.063,     11,   11.0,   11.0,    143,      0
S157      ,2000      ,   0.391,  0.011,   1454, 1454.0, 1454.0,   3619,    547
S158      ,2000      ,   0.290,  0.071,     18,   18.0,   18.0,    177,      0
S159      ,2000      ,   0.339,  0.012,    818,  818.0,  818.0,   3286,    179
S16       ,2000      ,   0.246,  0.031,     66,   66.0,   66.0,    532,      1
S160      ,2000      ,   0.380,  0.018,    513,  513.0,  513.0,   1631,    176
S161      ,2000      ,   0.698,  0.015,   3897, 3897.0, 3897.0,   4779,   2640
S162      ,2000      ,   0.501,  0.011,   3052, 3052.0, 3052.0,   4674,   1874
S163      ,2000      ,   1.273,  0.634,      9,    9.0,    9.0,     41,      0
S164      ,2000      ,   0.638,  0.012,   4197, 4197.0, 4197.0,   5204,   2830
S165      ,2000      ,   1.#QO,  1.#QO,      1,    1.0,   -1.$,      0,      0
S166      ,2000      ,   0.205,  0.084,      7,    7.0,    7.0,     45,      0
S167      ,2000      ,   0.264,  0.026,    114,  114.0,  114.0,    444,     34
S168      ,2000      ,   0.344,  0.011,   1095, 1095.0, 1095.0,   3574,    324
S169      ,2000      ,   0.275,  0.022,    175,  175.0,  175.0,    948,     44
S17       ,2000      ,   0.335,  0.027,    169,  169.0,  169.0,   1105,      6
S170      ,2000      ,   0.357,  0.193,      4,    4.0,    4.0,     36,      0
S171      ,2000      ,   0.381,  0.013,   1060, 1060.0, 1060.0,   3364,    334
S172      ,2000      ,   0.656,  0.013,   4348, 4348.0, 4348.0,   5214,   2933
S173      ,2000      ,   0.282,  0.026,    127,  127.0,  127.0,    513,     26
S174      ,2000      ,   0.147,  0.039,     15,   15.0,   15.0,    150,      4
S175      ,2000      ,   0.730,  0.015,   4637, 4637.0, 4637.1,   5277,   3187
S176      ,2000      ,   0.550,  0.010,   4058, 4058.0, 4057.9,   5269,   2487
S177      ,2000      ,   0.520,  0.011,   3288, 3288.0, 3288.0,   4800,   1967
S178      ,2000      ,   0.627,  0.012,   4304, 4304.0, 4304.1,   5244,   2784
S179      ,2000      ,   0.183,  0.115,      3,    3.0,    3.0,     20,      0
S18       ,2000      ,   0.541,  0.010,   3993, 3993.0, 3993.0,   5271,   2526
S180      ,2000      ,   0.281,  0.049,     38,   38.0,   38.0,    168,      5
S181      ,2000      ,   0.286,  0.018,    265,  265.0,  265.0,   1678,     25
S182      ,2000      ,   1.386,  0.048,   5161, 5161.0, 5160.8,   5279,   3538
S183      ,2000      ,   0.277,  0.025,    138,  137.0,  137.0,    519,     33
S184      ,2000      ,   0.367,  0.012,   1030, 1030.0, 1030.0,   3132,    286
S185      ,2000      ,   0.372,  0.017,    561,  561.0,  561.0,   2319,     96
S186      ,2000      ,   0.347,  0.022,    277,  277.0,  277.0,   1711,     17
S187      ,2000      ,   0.316,  0.014,    577,  577.0,  577.0,   2156,    179
S188      ,2000      ,   0.272,  0.086,     11,   11.0,   11.0,    114,      0
S189      ,2000      ,   0.220,  0.038,     38,   38.0,   38.0,    158,     18
S19       ,2000      ,   0.233,  0.026,     84,   84.0,   84.0,    738,      6
S190      ,2000      ,   0.870,  0.019,   4887, 4887.0, 4887.0,   5279,   3390
S191      ,2000      ,   0.190,  0.090,      5,    5.0,    5.0,     48,      0
S192      ,2000      ,   0.314,  0.014,    550,  550.0,  550.0,   2830,     39
S193      ,2000      ,   0.267,  0.038,     56,   56.0,   56.0,    218,     13
S194      ,2000      ,   0.254,  0.020,    175,  175.0,  175.0,    812,     42
S195      ,2000      ,   0.385,  0.013,   1091, 1091.0, 1091.0,   3188,    346
S196      ,2000      ,   0.336,  0.009,   1412, 1412.0, 1412.0,   4479,    393
S197      ,2000      ,   0.221,  0.047,     25,   25.0,   25.0,    126,      0
S198      ,2000      ,   0.764,  0.016,   4623, 4623.0, 4623.0,   5247,   3184
S199      ,2000      ,   0.364,  0.009,   1993, 1993.0, 1993.0,   4932,    736
S2        ,2000      ,   0.335,  0.018,    350,  350.0,  350.0,   2182,     16
S20       ,2000      ,   0.319,  0.012,    719,  719.0,  719.0,   3121,    125
S200      ,2000      ,   0.700,  0.014,   4381, 4381.0, 4381.0,   5209,   2839
S201      ,2000      ,   0.357,  0.013,    834,  834.0,  834.0,   2737,    209
S202      ,2000      ,   0.373,  0.012,   1178, 1178.0, 1178.0,   3935,    261
S203      ,2000      ,   0.616,  0.012,   4360, 4360.0, 4360.0,   5247,   2980
S204      ,2000      ,   0.542,  0.011,   3760, 3760.0, 3759.9,   5085,   2441
S205      ,2000      ,   0.443,  0.010,   2291, 2291.0, 2291.0,   4744,    855
S206      ,2000      ,   0.623,  0.012,   4353, 4353.0, 4353.0,   5264,   2999
S207      ,2000      ,********,  1.#QO,      2,    2.0,    1.0,      1,      0
S208      ,2000      ,   0.589,  0.012,   3338, 3338.0, 3338.0,   4593,   1951
S209      ,2000      ,   0.354,  0.018,    415,  414.0,  414.0,   1970,     66
S21       ,2000      ,   0.193,  0.019,    115,  115.0,  115.0,    643,     58
S210      ,2000      ,   0.950,  0.022,   4958, 4958.0, 4958.0,   5279,   3470
S211      ,2000      ,   0.814,  0.391,      6,    6.0,    6.0,     27,      0
S212      ,2000      ,   0.275,  0.034,     69,   69.0,   69.0,    625,      0
S213      ,2000      ,   0.863,  0.019,   4847, 4847.0, 4846.9,   5275,   3421
S214      ,2000      ,   0.499,  0.010,   3243, 3243.0, 3243.0,   4711,   2146
S215      ,2000      ,   0.357,  0.009,   1877, 1877.0, 1877.0,   4678,    663
S216      ,2000      ,   0.266,  0.097,      9,    9.0,    9.0,     39,      0
S217      ,2000      ,   0.190,  0.064,     10,   10.0,   10.0,     68,      0
S218      ,2000      ,   0.238,  0.023,    118,  118.0,  118.0,    538,     47
S219      ,2000      ,   0.275,  0.036,     68,   68.0,   68.0,    208,     29
S22       ,2000      ,   0.490,  0.178,      9,    9.0,    9.0,     97,      0
S220      ,2000      ,   0.162,  0.125,      2,    2.0,    2.0,     14,      0
S221      ,2000      ,   0.373,  0.010,   1518, 1518.0, 1518.0,   4359,    358
S222      ,2000      ,   0.476,  0.011,   2608, 2608.0, 2608.0,   4223,   1442
S223      ,2000      ,   1.748,  1.923,      1,    1.0,    1.0,     12,      0
S224      ,2000      ,   0.788,  0.017,   4506, 4506.0, 4506.0,   5177,   3123
S225      ,2000      ,   0.814,  0.017,   4812, 4812.0, 4812.0,   5279,   3355
S226      ,2000      ,   0.388,  0.012,   1238, 1238.0, 1238.0,   3270,    544
S227      ,2000      ,   0.392,  0.009,   2319, 2319.0, 2319.0,   4714,   1007
S228      ,2000      ,   0.306,  0.039,     75,   75.0,   75.0,    190,     28
S229      ,2000      ,   0.696,  0.014,   4221, 4221.0, 4221.0,   5016,   2987
S23       ,2000      ,   0.599,  0.011,   4223, 4223.0, 4223.0,   5189,   2763
S230      ,2000      ,   0.475,  0.013,   1791, 1791.0, 1791.0,   3912,    643
S231      ,2000      ,   1.537,  0.066,   5191, 5191.0, 5190.3,   5279,   3564
S232      ,2000      ,   0.703,  0.014,   4421, 4421.0, 4421.0,   5239,   3021
S233      ,2000      ,   0.063,  0.066,      1,    1.0,    1.0,     19,      1
S234      ,2000      ,   0.421,  0.094,     27,   27.0,   27.0,    147,      8
S235      ,2000      ,   0.350,  0.022,    270,  270.0,  270.0,   1305,     47
S236      ,2000      ,   0.240,  0.039,     39,   39.0,   39.0,    469,      0
S237      ,2000      ,   0.386,  0.079,     28,   28.0,   28.0,    228,      3
S238      ,2000      ,   0.436,  0.010,   2169, 2169.0, 2169.1,   3941,   1108
S239      ,2000      ,   0.355,  0.034,    118,  118.0,  118.0,    921,      4
S24       ,2000      ,   0.247,  0.025,    111,  111.0,  111.0,    471,     24
S240      ,2000      ,   0.416,  0.012,   1368, 1368.0, 1368.0,   3567,    467
S241      ,2000      ,   0.381,  0.010,   1554, 1554.0, 1554.0,   3966,    549
S242      ,2000      ,   0.506,  0.010,   3511, 3511.0, 3511.0,   4881,   2338
S243      ,2000      ,   0.283,  0.024,    162,  162.0,  162.0,    578,     57
S244      ,2000      ,   1.158,  0.032,   5086, 5086.0, 5086.0,   5279,   3506
S245      ,2000      ,   0.254,  0.031,     71,   71.0,   71.0,    428,      7
S246      ,2000      ,   0.487,  0.011,   2626, 2626.0, 2626.0,   4431,   1253
S247      ,2000      ,   0.389,  0.012,   1292, 1292.0, 1292.0,   3803,    374
S248      ,2000      ,   0.459,  0.016,   1031, 1031.0, 1031.0,   2281,    489
S249      ,2000      ,   0.207,  0.166,      2,    2.0,    2.0,     22,      1
S25       ,2000      ,   0.521,  0.010,   3779, 3779.0, 3779.0,   5014,   2353
S250      ,2000      ,   0.922,  0.021,   4760, 4760.0, 4760.0,   5223,   3305
S251      ,2000      ,   0.509,  0.013,   1980, 1980.0, 1980.0,   3748,    878
S26       ,2000      ,   0.228,  0.048,     24,   24.0,   24.0,    221,      0
S27       ,2000      ,   0.244,  0.036,     47,   47.0,   47.0,    466,      0
S28       ,2000      ,   2.467,  1.972,      2,    2.0,    2.0,     25,      0
S29       ,2000      ,   0.351,  0.099,     14,   14.0,   14.0,    116,      0
S3        ,2000      ,   0.325,  0.009,   1424, 1424.0, 1424.0,   4697,    297
S30       ,2000      ,   0.267,  0.028,     97,   97.0,   97.0,    552,     11
S31       ,2000      ,   1.#QO,  1.#QO,      1,    1.0,   -1.$,      0,      0
S32       ,2000      ,   0.586,  0.013,   3088, 3088.0, 3088.0,   4250,   1969
S33       ,2000      ,   0.344,  0.028,    163,  163.0,  163.0,    971,     15
S34       ,2000      ,   0.978,  0.024,   4989, 4989.0, 4989.0,   5279,   3439
S35       ,2000      ,   0.432,  0.009,   2558, 2558.0, 2558.0,   4706,   1090
S36       ,2000      ,   0.322,  0.015,    476,  476.0,  476.0,   2379,     61
S37       ,2000      ,   0.543,  0.010,   3935, 3935.0, 3935.0,   5246,   2509
S38       ,2000      ,   0.357,  0.009,   1602, 1602.0, 1602.0,   4464,    499
S39       ,2000      ,   0.099,  0.039,      7,    7.0,    7.0,     66,      0
S4        ,2000      ,   0.345,  0.009,   1755, 1755.0, 1755.0,   4991,    497
S40       ,2000      ,   0.306,  0.059,     31,   31.0,   31.0,    190,      3
S41       ,2000      ,   0.570,  0.011,   3916, 3916.0, 3916.0,   5240,   2619
S42       ,2000      ,   0.323,  0.012,    858,  858.0,  858.0,   3276,    172
S43       ,2000      ,   0.402,  0.010,   1952, 1952.0, 1952.0,   4410,    685
S44       ,2000      ,   0.398,  0.009,   2192, 2192.0, 2192.0,   4578,    949
S45       ,2000      ,   0.427,  0.174,      8,    8.0,    8.0,     41,      0
S46       ,2000      ,   0.359,  0.025,    240,  240.0,  240.0,   1074,     39
S47       ,2000      ,   0.702,  0.015,   3857, 3857.0, 3857.0,   4751,   2601
S48       ,2000      ,   0.534,  0.011,   3383, 3383.0, 3382.9,   4804,   2157
S49       ,2000      ,   0.514,  0.011,   3144, 3144.0, 3144.0,   4842,   1672
S5        ,2000      ,   0.306,  0.026,    145,  145.0,  145.0,   1074,      5
S50       ,2000      ,   0.534,  0.010,   3644, 3644.0, 3644.0,   5083,   2135
S51       ,2000      ,   0.278,  0.039,     57,   57.0,   57.0,    308,      7
S52       ,2000      ,   0.606,  0.012,   4126, 4126.0, 4126.0,   5226,   2636
S53       ,2000      ,   0.521,  0.012,   2709, 2709.0, 2709.0,   4587,   1314
S54       ,2000      ,   0.390,  0.017,    589,  589.0,  589.0,   1623,    212
S55       ,2000      ,   0.420,  0.010,   2127, 2127.0, 2127.0,   4594,    783
S56       ,2000      ,   0.397,  0.008,   2626, 2626.0, 2626.0,   5188,   1167
S57       ,2000      ,   0.294,  0.037,     75,   75.0,   75.0,    227,     36
S58       ,2000      ,   0.577,  0.012,   3742, 3742.0, 3742.0,   5027,   2478
S59       ,2000      ,  11.279, 13.300,      1,    1.0,    1.0,     10,      0
S6        ,2000      ,   0.945,  0.022,   4934, 4934.0, 4934.0,   5279,   3401
S60       ,2000      ,   0.249,  0.039,     44,   44.0,   44.0,    241,      6
S61       ,2000      ,   0.187,  0.016,    138,  138.0,  138.0,   1111,     17
S62       ,2000      ,   0.341,  0.012,    908,  908.0,  908.0,   3431,    212
S63       ,2000      ,   0.277,  0.013,    458,  458.0,  458.0,   2344,     80
S64       ,2000      ,   0.227,  0.028,     72,   72.0,   72.0,    536,     11
S65       ,2000      ,   0.344,  0.019,    357,  357.0,  357.0,   1309,     75
S66       ,2000      ,   0.344,  0.010,   1319, 1319.0, 1319.0,   4086,    349
S67       ,2000      ,   0.376,  0.009,   2019, 2019.0, 2019.0,   4856,    643
S68       ,2000      ,   0.819,  0.017,   4826, 4826.0, 4826.0,   5279,   3382
S69       ,2000      ,   0.326,  0.027,    173,  173.0,  173.0,    730,     76
S7        ,2000      ,   0.393,  0.008,   2765, 2765.0, 2765.0,   5192,   1261
S70       ,2000      ,   0.556,  0.011,   3706, 3706.0, 3706.0,   4912,   2555
S71       ,2000      ,   0.289,  0.017,    315,  315.0,  315.0,   1057,    101
S72       ,2000      ,   0.617,  0.012,   4314, 4314.0, 4314.0,   5255,   2965
S73       ,2000      ,   0.309,  0.033,    100,  100.0,  100.0,    368,     40
S74       ,2000      ,   0.982,  0.023,   4960, 4960.0, 4960.0,   5279,   3439
S75       ,2000      ,   0.391,  0.010,   1871, 1871.0, 1871.0,   4146,    744
S76       ,2000      ,   0.338,  0.020,    323,  323.0,  323.0,   1066,    152
S77       ,2000      ,   1.279,  0.040,   5132, 5132.0, 5132.0,   5279,   3534
S78       ,2000      ,   0.472,  0.153,     12,   12.0,   12.0,     84,      0
S79       ,2000      ,   0.306,  0.016,    400,  400.0,  400.0,   1256,    171
S8        ,2000      ,   0.268,  0.037,     60,   60.0,   60.0,    225,      9
S80       ,2000      ,   0.459,  0.012,   1910, 1910.0, 1910.0,   3792,    813
S81       ,2000      ,   3.044,  1.416,     12,   12.0,   12.0,     54,      0
S82       ,2000      ,   0.331,  0.022,    244,  244.0,  244.0,   1237,     27
S83       ,2000      ,   0.529,  0.012,   2813, 2813.0, 2813.0,   4443,   1410
S84       ,2000      ,   0.361,  0.013,    869,  869.0,  869.0,   2516,    280
S85       ,2000      ,  15.891, 10.196,      5,    5.0,    5.0,     14,      0
S86       ,2000      ,   0.460,  0.011,   2032, 2032.0, 2032.0,   4025,    839
S87       ,2000      ,   0.485,  0.012,   2109, 2109.0, 2109.0,   3992,    916
S88       ,2000      ,   0.225,  0.036,     43,   43.0,   43.0,    224,     10
S89       ,2000      ,   0.621,  0.012,   3972, 3972.0, 3971.9,   5098,   2449
S9        ,2000      ,   0.350,  0.045,     68,   68.0,   68.0,    408,     12
S90       ,2000      ,   0.755,  0.016,   4545, 4545.0, 4545.0,   5211,   3173
S91       ,2000      ,   0.360,  0.012,   1103, 1103.0, 1103.0,   3521,    361
S92       ,2000      ,   0.286,  0.028,    115,  115.0,  115.0,    499,     26
S93       ,2000      ,   0.125,  0.034,     14,   14.0,   14.0,    164,      2
S94       ,2000      ,   0.540,  0.012,   3036, 3036.0, 3036.0,   4697,   1647
S95       ,2000      ,   0.503,  0.010,   3158, 3158.0, 3158.1,   4494,   2105
S96       ,2000      ,   0.479,  0.009,   3463, 3463.0, 3463.0,   5021,   1923
S97       ,2000      ,   0.810,  0.017,   4698, 4698.0, 4698.0,   5255,   3279
S98       ,2000      ,   0.162,  0.040,     18,   18.0,   18.0,    107,      0
S99       ,2000      ,   0.235,  0.032,     58,   58.0,   58.0,    245,      7
