Location,Loc_no,No_spp,Phi_in,Alpha,Wgt_n2,Phi_out,Spnum_in,Spnum_out,Iter
4952      ,      1,     94,  0.882,  3.42,   4.72,  0.940,      97.5,     116.2,    3
5052      ,      2,    107,  0.873,  3.60,   5.40,  0.940,      97.9,     118.8,    4
5053      ,      3,     95,  0.889,  3.41,   4.60,  0.940,      98.6,     116.5,    3
5056      ,      4,     87,  0.852,  3.30,   4.00,  0.940,      90.3,     110.9,    8
5057      ,      5,     98,  0.830,  3.64,   4.58,  0.940,      88.1,     112.3,   13
5151      ,      6,     79,  0.869,  3.23,   4.87,  0.940,      98.4,     118.4,    6
5152      ,      7,    113,  0.869,  3.51,   5.45,  0.940,      98.4,     119.7,    6
5153      ,      8,    108,  0.872,  3.51,   5.39,  0.940,      99.4,     120.4,    6
5154      ,      9,     71,  0.871,  4.08,   4.21,  0.940,      98.5,     121.5,    3
5155      ,     10,    106,  0.837,  4.65,   3.92,  0.940,      89.8,     118.3,   12
5156      ,     11,     78,  0.837,  3.38,   4.54,  0.940,      89.2,     111.6,   19
5157      ,     12,     66,  0.829,  3.67,   4.59,  0.940,      87.8,     112.5,   12
5158      ,     13,     75,  0.820,  4.22,   4.37,  0.940,      83.9,     110.7,   13
5248      ,     14,     59,  0.837,  8.79,   3.78,  0.940,      79.5,     116.1,    3
5249      ,     15,     83,  0.836,  6.74,   4.21,  0.940,      78.1,     110.7,    8
5250      ,     16,     98,  0.841,  8.68,   4.62,  0.940,      83.0,     120.4,    6
5251      ,     17,     89,  0.860,  4.76,   3.76,  0.940,      94.2,     121.7,    5
5252      ,     18,    107,  0.863,  3.42,   4.42,  0.940,      99.3,     121.6,   12
5253      ,     19,     85,  0.870,  2.79,   4.31,  0.940,     102.0,     120.2,   20
5254      ,     20,    126,  0.850,  3.38,   3.64,  0.940,      93.9,     116.6,   69
5255      ,     21,     59,  0.827,  4.41,   3.64,  0.940,      86.8,     114.8,    9
5256      ,     22,     77,  0.824,  3.76,   4.30,  0.940,      88.4,     114.5,   73
5257      ,     23,     98,  0.812,  6.52,   4.72,  0.940,      78.3,     112.9,   11
5258      ,     24,     85,  0.839,  8.31,   4.54,  0.940,      78.2,     113.1,    7
5259      ,     25,     89,  0.863,  9.14,   4.26,  0.940,      81.4,     114.1,    4
5260      ,     26,     88,  0.880,  4.07,   4.23,  0.940,      84.5,     103.5,    4
5346      ,     27,     96,  0.835,  4.29,   4.32,  0.940,      90.4,     117.3,    9
5347      ,     28,    103,  0.823,  5.66,   4.83,  0.940,      88.7,     123.1,    8
5348      ,     29,    104,  0.819,  7.91,   4.80,  0.940,      83.9,     124.8,    5
5349      ,     30,    118,  0.831,  9.75,   3.91,  0.940,      81.7,     121.8,    3
5350      ,     31,     80,  0.856,  4.14,   3.66,  0.940,      88.5,     112.0,    7
5351      ,     32,     78,  0.861,  4.87,   4.30,  0.940,      93.9,     120.5,    3
5352      ,     33,    124,  0.854,  3.35,   4.57,  0.940,      98.5,     121.4,   23
5353      ,     34,    126,  0.863,  3.42,   4.57,  0.940,     102.5,     125.3,   10
5354      ,     35,    114,  0.802,  4.38,   4.57,  0.940,      92.2,     126.2,   91
5355      ,     36,     63,  0.805,  3.90,   4.57,  0.940,      94.0,     125.8,   85
5356      ,     37,    103,  0.817, 10.63,   4.57,  0.940,      76.0,     117.4,    6
5357      ,     38,     97,  0.846,  5.34,   4.57,  0.940,      80.0,     106.6,    6
5358      ,     39,     55,  0.870,  3.79,   4.31,  0.940,      86.7,     106.5,    7
5359      ,     40,    112,  0.874,  4.81,   4.08,  0.940,      85.4,     106.9,    5
5360      ,     41,     94,  0.852,  7.20,   4.52,  0.940,      89.3,     122.0,    4
5361      ,     42,    116,  0.844,  5.76,   4.55,  0.940,      93.9,     126.1,    4
5362      ,     43,     51,  0.792,  4.12,   4.68,  0.940,      87.6,     118.7,   43
5363      ,     44,     62,  0.735,  6.41,   4.59,  0.940,      73.4,     119.0,   90
5364      ,     45,     51,  0.737,  8.26,   3.92,  0.940,      67.8,     117.1,   85
5445      ,     46,     66,  0.805,  8.70,   4.07,  0.940,      82.7,     122.7,    3
5446      ,     47,     55,  0.823,  5.77,   4.40,  0.940,      88.9,     121.1,    5
5447      ,     48,    122,  0.853,  3.55,   3.82,  0.940,      94.8,     117.3,    9
5448      ,     49,     92,  0.837,  3.97,   4.30,  0.940,      95.4,     122.5,   10
5449      ,     50,    101,  0.829,  3.54,   4.57,  0.940,      96.1,     122.8,   90
5450      ,     51,     96,  0.831,  3.29,   4.57,  0.940,      96.2,     121.4,   92
5451      ,     52,     58,  0.830,  6.95,   4.57,  0.940,      88.6,     125.3,    2
5452      ,     53,     81,  0.848,  3.48,   4.57,  0.940,     101.3,     126.4,   49
5453      ,     54,     98,  0.888,  2.28,   4.57,  0.940,     112.6,     127.0,   11
5454      ,     55,     90,  0.859,  2.51,   4.57,  0.940,     110.8,     130.1,   39
5455      ,     56,    124,  0.783,  5.07,   4.57,  0.940,      87.3,     125.0,   12
5456      ,     57,    128,  0.803,  4.87,   4.57,  0.940,      80.3,     111.4,   14
5457      ,     58,    124,  0.868,  2.98,   4.57,  0.940,      93.0,     110.6,    9
5458      ,     59,    103,  0.829,  9.83,   4.57,  0.940,      85.4,     123.8,    4
5459      ,     60,    114,  0.810,  5.24,   4.57,  0.940,      84.5,     118.0,   40
5460      ,     61,     97,  0.871,  4.50,   4.31,  0.940,     101.0,     126.7,    5
5461      ,     62,    113,  0.843,  3.53,   3.64,  0.940,      94.8,     118.2,    6
5462      ,     63,     98,  0.758,  4.63,   3.53,  0.940,      81.2,     119.0,   90
5463      ,     64,     95,  0.753, 18.75,   3.80,  0.940,      64.0,     125.6,   71
5464      ,     65,     78,  0.756, 22.07,   4.55,  0.940,      65.2,     126.8,    7
5542      ,     66,     76,  0.771, 59.70,   4.05,  0.940,      64.5,     131.7,    4
5543      ,     67,     40,  0.777, 11.29,   4.25,  0.940,      63.1,     101.2,    3
5544      ,     68,     60,  0.781, 28.68,   4.63,  0.940,      63.6,     117.4,    6
5545      ,     69,     95,  0.792, 35.08,   3.76,  0.940,      66.9,     129.2,    5
5546      ,     70,    111,  0.778,  8.56,   4.24,  0.940,      78.4,     126.4,   83
5547      ,     71,     68,  0.785,  4.32,   4.57,  0.940,      91.5,     126.8,   88
5548      ,     72,    109,  0.860,  3.02,   4.57,  0.940,     106.7,     128.1,   11
5549      ,     73,     98,  0.844,  3.37,   4.57,  0.940,     101.2,     126.2,   87
5550      ,     74,     86,  0.829,  4.47,   4.57,  0.940,      91.4,     121.1,   14
5551      ,     75,     97,  0.797,  6.73,   4.57,  0.940,      81.3,     118.8,    4
5552      ,     76,    104,  0.786,  4.86,   4.57,  0.940,      87.6,     124.9,   91
5553      ,     77,    102,  0.861,  3.75,   4.57,  0.940,     101.7,     126.1,   13
5554      ,     78,     80,  0.866,  3.74,   4.57,  0.940,     103.0,     126.5,    4
5555      ,     79,    131,  0.817,  4.08,   4.57,  0.940,      97.8,     129.6,   67
5556      ,     80,    139,  0.871,  2.31,   4.57,  0.940,     113.3,     130.2,   59
5557      ,     81,    119,  0.866,  2.66,   4.57,  0.940,     112.1,     131.8,   55
5558      ,     82,    125,  0.808,  3.73,   4.57,  0.940,      99.0,     130.5,   95
5559      ,     83,    119,  0.858,  3.40,   4.57,  0.940,     102.8,     126.0,   12
5560      ,     84,    102,  0.879,  3.44,   4.57,  0.940,     105.1,     126.3,    7
5561      ,     85,    111,  0.866,  3.24,   4.57,  0.940,     103.2,     124.3,    9
5562      ,     86,    112,  0.802,  4.85,   5.02,  0.940,      91.3,     125.2,    9
5563      ,     87,    110,  0.766,  8.27,   5.05,  0.940,      73.4,     115.6,    4
5567      ,     88,     75,  0.797,  8.53,   4.53,  0.940,      83.6,     131.6,   83
5641      ,     89,     75,  0.801, 16.30,   4.05,  0.940,      77.0,     127.1,   10
5642      ,     90,     82,  0.756, 15.23,   5.02,  0.940,      74.2,     132.9,   12
5643      ,     91,    134,  0.757, 45.74,   3.89,  0.940,      62.5,     134.3,   16
5644      ,     92,    130,  0.753, 15.63,   3.77,  0.940,      61.6,     111.2,    7
5645      ,     93,    133,  0.794,  8.52,   4.30,  0.940,      78.4,     120.6,    4
5646      ,     94,     95,  0.778,  4.69,   4.57,  0.940,      85.6,     121.5,   18
5647      ,     95,     75,  0.815,  3.89,   4.57,  0.940,      97.6,     127.7,   14
5648      ,     96,    112,  0.804,  4.46,   4.57,  0.940,      92.4,     125.4,   11
5649      ,     97,    101,  0.878,  2.79,   4.57,  0.940,     100.2,     116.9,    9
5650      ,     98,     87,  0.844,  4.26,   4.57,  0.940,      93.2,     119.9,    9
5651      ,     99,     74,  0.807,  6.72,   4.57,  0.940,      84.3,     121.9,    7
5652      ,    100,    109,  0.833,  4.12,   4.57,  0.940,      91.9,     119.7,   68
5653      ,    101,    118,  0.865,  3.68,   4.57,  0.940,      97.2,     119.8,   10
5654      ,    102,     67,  0.831,  4.64,   4.57,  0.940,      97.2,     129.5,   14
5655      ,    103,    109,  0.855,  2.70,   4.57,  0.940,     110.9,     132.3,   74
5656      ,    104,    123,  0.941,  0.97,   4.57,  0.940,     129.8,     129.4,    3
5657      ,    105,    117,  0.924,  1.64,   4.57,  0.940,     126.8,     133.9,    3
5658      ,    106,     85,  0.919,  1.88,   4.57,  0.940,     116.9,     125.7,    3
5659      ,    107,    106,  0.922,  1.67,   4.57,  0.940,     115.7,     122.6,    3
5660      ,    108,    121,  0.909,  2.31,   4.57,  0.940,     108.3,     119.9,    4
5661      ,    109,    132,  0.904,  2.20,   4.57,  0.940,     107.1,     118.6,    6
5662      ,    110,    134,  0.887,  2.54,   4.76,  0.940,     108.0,     123.6,    9
5663      ,    111,    107,  0.851,  4.05,   4.93,  0.940,     101.2,     128.4,    8
5664      ,    112,     73,  0.831,  5.72,   4.19,  0.940,      94.5,     128.4,    4
5667      ,    113,     69,  0.819,  5.69,   4.25,  0.940,      90.9,     129.7,   82
5668      ,    114,    133,  0.813,  4.75,   5.66,  0.940,      95.0,     131.2,   86
5669      ,    115,    124,  0.831,  3.17,   4.76,  0.940,     103.0,     129.4,   88
5672      ,    116,    109,  0.853,  3.36,   3.84,  0.940,     110.1,     135.6,   20
5738      ,    117,     84,  0.843,  5.53,   4.64,  0.940,      84.0,     111.9,    4
5739      ,    118,    103,  0.841,  5.72,   4.76,  0.940,      84.1,     113.0,    4
5740      ,    119,     82,  0.839,  7.13,   3.97,  0.940,      82.5,     115.3,    4
5741      ,    120,     89,  0.836, 16.79,   3.65,  0.940,      80.6,     125.5,    5
5742      ,    121,    104,  0.799,  8.15,   4.36,  0.940,      84.0,     127.7,   66
5743      ,    122,    133,  0.736,  5.41,   4.68,  0.940,      87.5,     134.8,   94
5744      ,    123,    123,  0.797,  3.35,   4.68,  0.940,     106.7,     139.6,   99
5745      ,    124,    129,  0.851,  2.80,   4.68,  0.940,     113.3,     136.2,   49
5746      ,    125,     99,  0.835,  3.27,   4.72,  0.940,     106.1,     132.6,   90
5747      ,    126,     55,  0.808,  7.48,   4.57,  0.940,      87.7,     125.9,    4
5748      ,    127,    103,  0.840,  4.32,   4.57,  0.940,      94.7,     122.4,   13
5749      ,    128,     94,  0.862,  3.52,   4.57,  0.940,     102.1,     125.6,   16
5750      ,    129,    109,  0.856,  4.23,   4.57,  0.940,      91.3,     115.9,    6
5751      ,    130,     88,  0.842,  5.86,   4.57,  0.940,      89.0,     121.5,    4
5752      ,    131,     99,  0.850,  3.90,   4.57,  0.940,      96.7,     122.7,   18
5753      ,    132,    124,  0.860,  2.85,   4.57,  0.940,     103.8,     124.0,   59
5754      ,    133,    106,  0.812,  4.51,   4.57,  0.940,      95.3,     129.3,   27
5755      ,    134,    112,  0.818,  3.73,   4.57,  0.940,     101.8,     133.0,   87
5756      ,    135,     94,  0.908,  1.93,   4.57,  0.940,     122.3,     133.1,    8
5757      ,    136,    118,  0.906,  2.19,   4.57,  0.940,     118.6,     131.1,    4
5758      ,    137,     58,  0.889,  2.87,   4.57,  0.940,     110.6,     128.4,    6
5759      ,    138,     78,  0.879,  3.10,   4.57,  0.940,     105.6,     125.0,    7
5760      ,    139,    111,  0.900,  2.63,   4.57,  0.940,     112.0,     127.2,    3
5761      ,    140,    127,  0.918,  2.26,   4.57,  0.940,     120.2,     131.4,    4
5762      ,    141,    112,  0.908,  2.38,   4.57,  0.940,     122.6,     136.3,    4
5763      ,    142,     76,  0.871,  2.99,   4.73,  0.940,     114.0,     135.3,    6
5764      ,    143,     88,  0.837,  5.02,   4.61,  0.940,     101.3,     132.9,    4
5767      ,    144,     73,  0.807,  5.84,   4.99,  0.940,      89.8,     130.8,   82
5768      ,    145,     83,  0.811,  4.05,   5.63,  0.940,      98.1,     131.7,   86
5769      ,    146,    119,  0.858,  2.40,   4.52,  0.940,     111.9,     130.9,   92
5770      ,    147,     87,  0.855,  3.19,   4.90,  0.940,     110.4,     134.3,    9
5771      ,    148,     94,  0.841,  3.58,   4.25,  0.940,     108.5,     137.1,   76
5772      ,    149,    125,  0.840,  3.62,   4.08,  0.940,     103.6,     131.1,   12
5839      ,    150,    120,  0.853,  4.17,   4.25,  0.940,      87.1,     110.5,    6
5840      ,    151,    126,  0.831,  4.44,   5.06,  0.940,      87.4,     115.3,   13
5841      ,    152,    101,  0.817,  5.34,   4.39,  0.940,      84.7,     117.9,   14
5842      ,    153,     99,  0.830,  4.96,   4.68,  0.940,      98.3,     132.6,   16
5843      ,    154,     81,  0.888,  2.32,   4.68,  0.940,     121.1,     137.1,    8
5844      ,    155,    101,  0.920,  1.80,   4.68,  0.940,     129.3,     138.3,    3
5845      ,    156,    117,  0.893,  1.93,   4.68,  0.940,     122.5,     135.0,   19
5846      ,    157,    103,  0.817,  3.66,   4.68,  0.940,     101.7,     131.9,   77
5847      ,    158,    111,  0.793,  6.29,   4.70,  0.940,      83.2,     121.3,    4
5848      ,    159,    123,  0.785,  4.55,   4.57,  0.940,      87.4,     123.1,   93
5849      ,    160,    114,  0.874,  3.81,   4.57,  0.940,     100.9,     123.6,    4
5850      ,    161,    103,  0.870,  4.16,   4.57,  0.940,      95.2,     118.0,    3
5851      ,    162,     95,  0.849,  3.79,   4.57,  0.940,      92.9,     117.0,    8
5852      ,    163,    112,  0.869,  4.06,   4.57,  0.940,      99.0,     122.3,    3
5853      ,    164,    100,  0.882,  3.15,   4.57,  0.940,     109.4,     129.0,    5
5854      ,    165,    128,  0.844,  3.72,   4.57,  0.940,     103.9,     131.1,   10
5855      ,    166,    116,  0.865,  3.14,   4.57,  0.940,     104.5,     125.8,   31
5856      ,    167,    105,  0.891,  2.20,   4.57,  0.940,     110.9,     124.2,   15
5857      ,    168,    110,  0.866,  2.47,   4.57,  0.940,     104.1,     121.1,   15
5858      ,    169,    118,  0.823,  3.67,   4.57,  0.940,      91.7,     118.6,   69
5859      ,    170,    104,  0.802,  6.27,   4.57,  0.940,      84.4,     122.9,    8
5860      ,    171,    130,  0.864,  3.65,   4.57,  0.940,     105.3,     129.4,    5
5861      ,    172,    139,  0.912,  2.42,   4.57,  0.940,     121.6,     134.9,    4
5862      ,    173,    132,  0.881,  2.37,   4.57,  0.940,     120.1,     136.8,    9
5863      ,    174,    116,  0.819,  4.46,   4.76,  0.940,     101.2,     134.3,    3
5864      ,    175,    113,  0.785, 11.79,   4.67,  0.940,      86.9,     134.6,    5
5865      ,    176,     97,  0.836, 10.90,   3.45,  0.940,      86.4,     128.2,    6
5866      ,    177,     63,  0.848, 13.19,   3.45,  0.940,      78.0,     116.9,    7
5867      ,    178,     83,  0.842, 15.53,   3.95,  0.940,      80.6,     130.9,   82
5868      ,    179,    111,  0.826,  6.04,   4.51,  0.940,      93.5,     133.2,   81
5869      ,    180,    101,  0.856,  3.90,   4.31,  0.940,     104.6,     131.8,   30
5870      ,    181,     83,  0.860,  3.28,   3.85,  0.940,     106.9,     130.2,   17
5871      ,    182,     77,  0.826,  4.92,   4.82,  0.940,      99.8,     134.8,    9
5940      ,    183,    117,  0.845,  5.95,   4.68,  0.940,      94.7,     127.2,    3
5941      ,    184,    102,  0.845,  4.92,   4.08,  0.940,      97.0,     127.7,   11
5942      ,    185,     85,  0.856,  3.75,   4.68,  0.940,     101.0,     125.7,    7
5943      ,    186,    102,  0.845,  3.95,   4.68,  0.940,     105.2,     133.9,   15
5944      ,    187,     99,  0.847,  3.51,   4.68,  0.940,     106.4,     133.0,   36
5945      ,    188,     80,  0.884,  2.64,   4.68,  0.940,     113.0,     130.3,    6
5946      ,    189,    120,  0.862,  3.50,   4.68,  0.940,     104.4,     127.4,    4
5947      ,    190,    109,  0.815,  3.58,   4.68,  0.940,      95.1,     123.5,   91
5948      ,    191,    116,  0.867,  2.80,   4.70,  0.940,     106.5,     125.6,    7
5949      ,    192,    109,  0.883,  3.02,   4.72,  0.940,     109.2,     128.7,   10
5950      ,    193,    103,  0.891,  2.38,   4.57,  0.940,     105.7,     119.8,   14
5951      ,    194,    100,  0.885,  3.09,   4.57,  0.940,      98.8,     116.1,    5
5952      ,    195,    113,  0.885,  2.93,   4.57,  0.940,     101.2,     118.0,    5
5953      ,    196,    120,  0.904,  2.89,   4.57,  0.940,     111.9,     127.7,    4
5954      ,    197,    102,  0.895,  3.11,   4.57,  0.940,     112.2,     130.7,    5
5955      ,    198,    107,  0.898,  2.22,   4.57,  0.940,     115.8,     129.1,    8
5956      ,    199,    100,  0.879,  3.02,   4.57,  0.940,     107.4,     126.7,    6
5957      ,    200,    114,  0.868,  2.79,   4.57,  0.940,     107.4,     126.7,    8
5958      ,    201,    126,  0.813,  3.48,   4.57,  0.940,      98.3,     127.5,   95
5959      ,    202,    125,  0.832,  3.54,   4.57,  0.940,     100.8,     127.9,   17
5960      ,    203,    114,  0.893,  2.60,   4.57,  0.940,     113.8,     129.9,    4
5961      ,    204,    114,  0.933,  1.20,   4.57,  0.940,     129.0,     131.6,    3
5962      ,    205,    103,  0.893,  2.09,   4.57,  0.940,     124.9,     138.8,    9
5963      ,    206,     97,  0.846,  3.49,   4.57,  0.940,     109.5,     136.3,   11
5964      ,    207,    101,  0.859,  3.48,   4.31,  0.940,     104.8,     129.0,   25
5965      ,    208,     76,  0.863,  3.14,   3.64,  0.940,      97.2,     117.1,   15
5966      ,    209,     79,  0.850,  4.61,   3.64,  0.940,      81.3,     105.2,    3
5967      ,    210,     95,  0.856,  7.64,   4.30,  0.940,      78.5,     108.4,    6
5968      ,    211,     79,  0.871,  4.42,   4.57,  0.940,      91.9,     115.2,    5
5969      ,    212,     92,  0.884,  2.47,   4.57,  0.940,     104.4,     119.5,   10
5970      ,    213,     89,  0.856,  5.51,   4.76,  0.940,      92.4,     120.7,    3
5971      ,    214,     84,  0.830,  6.57,   4.90,  0.940,      91.0,     127.9,    3
5972      ,    215,    109,  0.842,  3.40,   4.98,  0.940,      97.0,     121.4,   85
5974      ,    216,     44,  0.794,  3.06,   3.37,  0.940,      93.6,     121.3,   87
6041      ,    217,    107,  0.881,  2.98,   4.31,  0.940,     108.1,     127.0,    9
6042      ,    218,     98,  0.859,  3.67,   4.91,  0.940,      95.2,     117.9,    8
6043      ,    219,    103,  0.836,  4.96,   4.68,  0.940,      91.7,     121.8,    7
6044      ,    220,    101,  0.846,  3.79,   4.68,  0.940,      98.7,     124.6,   10
6045      ,    221,    110,  0.848,  3.75,   4.68,  0.940,     101.4,     127.5,   13
6046      ,    222,     96,  0.876,  3.27,   4.68,  0.940,     102.8,     122.9,    5
6047      ,    223,    117,  0.905,  2.16,   4.68,  0.940,     113.9,     125.7,    9
6048      ,    224,    115,  0.912,  1.93,   4.68,  0.940,     114.6,     124.2,    5
6049      ,    225,    104,  0.910,  2.28,   4.68,  0.940,     111.8,     123.6,    3
6050      ,    226,     62,  0.889,  3.11,   4.68,  0.940,     104.4,     122.5,    2
6051      ,    227,    101,  0.894,  3.99,   4.72,  0.940,     101.8,     122.5,    5
6052      ,    228,    107,  0.915,  1.78,   4.57,  0.940,     107.2,     114.9,    5
6053      ,    229,     95,  0.920,  1.95,   4.57,  0.940,     111.1,     119.7,    4
6054      ,    230,     99,  0.908,  2.43,   4.57,  0.940,     114.5,     127.7,    3
6055      ,    231,    109,  0.903,  3.30,   4.57,  0.940,     108.7,     126.2,    4
6056      ,    232,    126,  0.904,  3.26,   4.57,  0.940,     106.4,     122.7,    5
6057      ,    233,    113,  0.877,  3.19,   4.57,  0.940,     109.3,     130.0,    7
6058      ,    234,    131,  0.895,  2.50,   4.57,  0.940,     118.0,     133.6,    5
6059      ,    235,     95,  0.901,  2.68,   4.57,  0.940,     118.9,     134.9,    4
6060      ,    236,     94,  0.896,  2.45,   4.57,  0.940,     121.4,     137.2,    7
6061      ,    237,     90,  0.889,  2.68,   4.57,  0.940,     121.1,     139.4,    8
6062      ,    238,    114,  0.876,  3.28,   4.57,  0.940,     116.3,     138.9,    5
6063      ,    239,    136,  0.876,  4.42,   4.57,  0.940,     107.4,     133.2,    3
6064      ,    240,    116,  0.884,  4.12,   4.57,  0.940,     101.6,     123.7,    3
6065      ,    241,    121,  0.861,  4.37,   4.57,  0.940,      91.6,     116.0,    5
6066      ,    242,     88,  0.858,  8.86,   4.57,  0.940,      77.7,     107.9,    5
6067      ,    243,    103,  0.854,  4.61,   4.57,  0.940,      83.9,     108.0,    5
6068      ,    244,     79,  0.857,  3.36,   4.57,  0.940,      93.9,     115.5,   73
6069      ,    245,    101,  0.859,  4.03,   4.57,  0.940,      91.2,     114.6,    9
6070      ,    246,    101,  0.841,  4.34,   4.57,  0.940,      88.5,     115.8,   84
6071      ,    247,     90,  0.867,  8.71,   4.43,  0.940,      86.8,     117.2,    7
6072      ,    248,     95,  0.868,  3.53,   3.69,  0.940,      92.2,     112.4,    9
6073      ,    249,    117,  0.783,  4.09,   4.58,  0.940,      88.5,     121.5,   30
6074      ,    250,    124,  0.763,  4.24,   5.06,  0.940,      93.1,     132.3,  100
6075      ,    251,    129,  0.748,  4.25,   4.02,  0.940,      92.4,     134.5,   98
6076      ,    252,    119,  0.822,  2.67,   4.50,  0.940,     109.7,     134.7,  101
6141      ,    253,    110,  0.876,  3.11,   3.65,  0.940,     103.8,     123.1,    7
6142      ,    254,    110,  0.859,  3.63,   4.94,  0.940,      97.6,     120.6,    9
6143      ,    255,    112,  0.864,  3.18,   4.68,  0.940,      99.9,     120.7,   12
6144      ,    256,    109,  0.870,  3.49,   4.68,  0.940,     100.5,     121.8,    7
6145      ,    257,    108,  0.859,  3.38,   4.68,  0.940,      98.9,     121.0,   11
6146      ,    258,    115,  0.887,  2.76,   4.68,  0.940,     108.0,     124.8,    7
6147      ,    259,    113,  0.905,  2.23,   4.68,  0.940,     109.1,     120.9,    5
6148      ,    260,    124,  0.929,  1.44,   4.68,  0.940,     113.8,     118.3,    3
6149      ,    261,     97,  0.909,  1.63,   4.68,  0.940,     104.5,     111.7,    7
6150      ,    262,     57,  0.853,  3.36,   4.68,  0.940,      93.2,     114.3,    4
6151      ,    263,    103,  0.835,  3.85,   4.68,  0.940,      91.7,     117.3,    8
6152      ,    264,     87,  0.912,  2.41,   4.70,  0.940,     105.4,     116.7,    4
6153      ,    265,    111,  0.909,  3.18,   4.72,  0.940,     106.7,     122.3,    4
6154      ,    266,     85,  0.905,  5.28,   4.57,  0.940,     101.6,     123.8,    6
6155      ,    267,    102,  0.907,  3.42,   4.57,  0.940,     106.0,     122.9,    4
6156      ,    268,    117,  0.906,  2.23,   4.57,  0.940,     111.2,     123.1,    4
6157      ,    269,     89,  0.909,  2.48,   4.57,  0.940,     118.1,     131.8,    4
6158      ,    270,    131,  0.907,  2.58,   4.57,  0.940,     119.4,     134.0,    4
6159      ,    271,    138,  0.869,  3.15,   4.57,  0.940,     116.4,     139.9,   16
6160      ,    272,    121,  0.853,  4.72,   4.57,  0.940,     102.5,     132.7,    7
6161      ,    273,    120,  0.868,  4.14,   4.57,  0.940,     101.9,     126.8,    4
6162      ,    274,    107,  0.872,  4.90,   4.57,  0.940,     105.4,     133.0,    4
6163      ,    275,    129,  0.886,  2.88,   4.57,  0.940,     113.8,     132.4,    7
6164      ,    276,    140,  0.896,  2.23,   4.57,  0.940,     115.4,     129.2,   10
6165      ,    277,    115,  0.869,  2.60,   4.57,  0.940,     102.4,     119.9,   84
6166      ,    278,     80,  0.867,  3.68,   4.57,  0.940,      96.6,     119.4,   73
6167      ,    279,    121,  0.894,  2.91,   4.57,  0.940,      91.4,     105.6,    2
6168      ,    280,    126,  0.874,  4.09,   4.57,  0.940,      90.2,     111.6,    3
6169      ,    281,    113,  0.857,  4.34,   4.57,  0.940,      89.9,     114.6,    7
6170      ,    282,     86,  0.877,  3.58,   4.57,  0.940,      95.7,     115.6,    5
6171      ,    283,     93,  0.878,  3.27,   4.57,  0.940,      93.2,     110.9,    4
6172      ,    284,     88,  0.863,  3.27,   4.31,  0.940,      98.0,     119.2,   31
6173      ,    285,    109,  0.854,  3.02,   4.04,  0.940,     103.7,     125.5,   12
6174      ,    286,     91,  0.820,  2.66,   3.91,  0.940,     106.0,     130.5,   95
6175      ,    287,    130,  0.858,  2.27,   4.59,  0.940,     115.7,     134.2,   63
6176      ,    288,    130,  0.873,  2.43,   4.87,  0.940,     120.1,     138.3,   11
6177      ,    289,    133,  0.912,  2.28,   3.58,  0.940,     124.6,     137.4,    3
6241      ,    290,    119,  0.886,  3.34,   3.85,  0.940,     104.7,     123.9,    3
6242      ,    291,    120,  0.885,  3.70,   5.23,  0.940,     106.6,     128.0,    4
6243      ,    292,     90,  0.876,  3.44,   4.68,  0.940,     107.4,     129.8,   18
6244      ,    293,    120,  0.898,  2.54,   4.68,  0.940,     107.5,     121.9,    4
6245      ,    294,    128,  0.892,  2.35,   4.68,  0.940,     108.2,     122.2,   10
6246      ,    295,    124,  0.899,  2.47,   4.68,  0.940,     108.1,     122.0,    6
6247      ,    296,    118,  0.923,  1.71,   4.68,  0.940,     114.9,     121.9,    3
6248      ,    297,    113,  0.909,  1.94,   4.68,  0.940,     114.1,     124.1,    6
6249      ,    298,     61,  0.851,  2.70,   4.68,  0.940,     100.3,     119.9,   18
6250      ,    299,    126,  0.792,  5.15,   4.68,  0.940,      80.0,     113.1,   11
6251      ,    300,    109,  0.807,  3.81,   4.68,  0.940,      86.2,     114.2,   95
6252      ,    301,     81,  0.895,  2.35,   4.68,  0.940,     100.2,     112.7,    7
6253      ,    302,    118,  0.880,  3.42,   4.68,  0.940,      96.7,     115.9,    6
6254      ,    303,    114,  0.888,  3.43,   4.70,  0.940,      99.3,     117.6,    3
6255      ,    304,    105,  0.872,  3.95,   4.72,  0.940,     101.5,     125.3,    5
6256      ,    305,    106,  0.884,  2.84,   4.57,  0.940,     111.1,     129.4,    8
6257      ,    306,     91,  0.886,  3.10,   4.57,  0.940,     112.0,     131.6,    4
6258      ,    307,     85,  0.875,  2.68,   4.57,  0.940,     115.7,     135.2,   47
6259      ,    308,    102,  0.888,  2.33,   4.57,  0.940,     121.3,     137.4,   22
6260      ,    309,    118,  0.880,  2.58,   4.57,  0.940,     115.9,     133.9,   49
6261      ,    310,     90,  0.884,  2.89,   4.57,  0.940,     109.5,     127.9,    8
6262      ,    311,    113,  0.897,  2.98,   4.57,  0.940,     114.4,     132.0,    4
6263      ,    312,     92,  0.905,  2.07,   4.57,  0.940,     123.0,     135.3,    8
6264      ,    313,     99,  0.935,  1.14,   4.57,  0.940,     127.4,     129.1,    3
6265      ,    314,     76,  0.894,  1.83,   4.57,  0.940,     119.6,     130.9,   55
6266      ,    315,     76,  0.856,  3.76,   4.57,  0.940,     100.9,     126.4,   41
6267      ,    316,    134,  0.874,  3.18,   4.57,  0.940,     100.0,     119.4,    9
6268      ,    317,    119,  0.886,  2.35,   4.57,  0.940,     108.8,     123.8,   14
6269      ,    318,    123,  0.874,  2.81,   4.57,  0.940,     108.3,     127.0,   13
6270      ,    319,     95,  0.895,  2.83,   4.57,  0.940,     100.0,     115.0,    2
6271      ,    320,    105,  0.899,  3.81,   4.57,  0.940,      90.7,     107.0,    6
6272      ,    321,     85,  0.886,  5.06,   4.57,  0.940,      94.5,     118.8,    5
6273      ,    322,     94,  0.868,  3.38,   4.57,  0.940,     102.4,     124.5,   10
6274      ,    323,    125,  0.866,  3.32,   4.57,  0.940,     111.6,     135.1,    9
6275      ,    324,    109,  0.862,  2.90,   4.57,  0.940,     116.9,     139.8,   57
6276      ,    325,    104,  0.909,  1.94,   4.73,  0.940,     126.8,     138.0,    4
6277      ,    326,    101,  0.914,  1.85,   4.12,  0.940,     126.6,     136.4,    4
6341      ,    327,     41,  0.906,  2.93,   4.08,  0.940,     110.8,     126.1,    4
6342      ,    328,    122,  0.906,  2.83,   3.83,  0.940,     112.1,     127.4,    3
6343      ,    329,    115,  0.869,  3.21,   4.54,  0.940,     109.2,     131.4,    8
6344      ,    330,    100,  0.881,  2.97,   4.68,  0.940,     108.6,     127.6,    6
6345      ,    331,    136,  0.921,  1.57,   4.68,  0.940,     118.4,     124.8,    4
6346      ,    332,    120,  0.929,  1.32,   4.68,  0.940,     120.5,     124.2,    3
6347      ,    333,    132,  0.925,  1.48,   4.68,  0.940,     118.2,     123.5,    3
6348      ,    334,    117,  0.880,  2.14,   4.68,  0.940,     110.5,     124.8,   12
6349      ,    335,     79,  0.800,  4.49,   4.68,  0.940,      94.2,     129.2,   68
6350      ,    336,     93,  0.770,  5.20,   4.68,  0.940,      86.2,     128.5,   87
6351      ,    337,    101,  0.849,  3.17,   4.68,  0.940,     104.7,     128.3,   76
6352      ,    338,    135,  0.851,  4.12,   4.68,  0.940,      97.5,     123.9,    9
6353      ,    339,     97,  0.862,  3.12,   4.68,  0.940,     101.5,     122.3,    9
6354      ,    340,    118,  0.891,  2.88,   4.68,  0.940,     106.0,     122.7,    5
6355      ,    341,    121,  0.914,  2.27,   4.68,  0.940,     106.7,     117.3,    4
6356      ,    342,     92,  0.919,  1.76,   4.70,  0.940,     105.7,     112.8,    3
6357      ,    343,     99,  0.878,  4.22,   4.73,  0.940,      98.2,     120.8,    3
6358      ,    344,    113,  0.864,  4.82,   4.57,  0.940,     102.0,     131.6,    9
6359      ,    345,    124,  0.868,  3.61,   4.57,  0.940,     110.2,     135.3,   44
6360      ,    346,    105,  0.897,  2.86,   4.57,  0.940,     113.1,     130.0,    4
6361      ,    347,    126,  0.885,  2.95,   4.57,  0.940,     111.1,     129.7,    5
6362      ,    348,    110,  0.870,  4.01,   4.57,  0.940,     104.1,     129.2,    5
6363      ,    349,     84,  0.870,  3.20,   4.57,  0.940,     111.2,     133.8,   20
6364      ,    350,     82,  0.856,  3.43,   4.57,  0.940,     107.9,     133.4,   81
6365      ,    351,     99,  0.847,  4.79,   4.57,  0.940,      97.9,     126.9,    3
6366      ,    352,    111,  0.826,  8.19,   4.57,  0.940,      87.6,     128.8,   11
6367      ,    353,     84,  0.855,  3.32,   4.57,  0.940,     106.9,     131.5,   57
6368      ,    354,    121,  0.918,  1.85,   4.57,  0.940,     125.2,     134.4,    3
6369      ,    355,    139,  0.892,  2.73,   4.57,  0.940,     115.4,     132.6,    4
6370      ,    356,     93,  0.870,  3.62,   4.57,  0.940,     103.8,     127.0,    8
6371      ,    357,    109,  0.884,  4.34,   4.57,  0.940,      95.1,     116.7,    5
6372      ,    358,     77,  0.872,  4.37,   4.57,  0.940,      94.3,     118.2,    6
6373      ,    359,    116,  0.857,  6.34,   4.57,  0.940,      97.0,     130.1,    4
6374      ,    360,    137,  0.845,  4.41,   4.57,  0.940,     104.8,     135.8,   11
6375      ,    361,    119,  0.878,  2.64,   4.57,  0.940,     117.7,     136.5,    9
6376      ,    362,     67,  0.858,  3.35,   4.76,  0.940,     115.3,     141.1,   17
6377      ,    363,     85,  0.861,  2.69,   4.70,  0.940,     118.3,     140.1,   83
6378      ,    364,    105,  0.878,  2.11,   3.83,  0.940,     122.4,     138.2,   86
6442      ,    365,     79,  0.862,  2.14,   3.59,  0.940,     108.7,     124.8,   97
6443      ,    366,     84,  0.855,  3.57,   3.66,  0.940,     105.5,     131.4,   80
6444      ,    367,    121,  0.883,  2.92,   4.54,  0.940,     114.5,     133.8,    5
6445      ,    368,    147,  0.890,  2.69,   4.54,  0.940,     121.2,     139.1,    7
6446      ,    369,    112,  0.910,  2.15,   4.68,  0.940,     126.9,     139.5,    3
6447      ,    370,    126,  0.905,  2.34,   4.68,  0.940,     121.9,     135.7,    2
6448      ,    371,    114,  0.857,  2.79,   4.68,  0.940,     112.0,     133.7,   16
6449      ,    372,    107,  0.796,  4.47,   4.68,  0.940,      92.1,     126.9,   18
6450      ,    373,    105,  0.828,  4.08,   4.68,  0.940,      97.6,     127.8,   84
6451      ,    374,    107,  0.862,  3.89,   4.68,  0.940,     104.1,     129.5,    6
6452      ,    375,    103,  0.849,  3.55,   4.68,  0.940,     105.7,     132.1,   70
6453      ,    376,    119,  0.888,  2.41,   4.68,  0.940,     115.2,     130.8,    9
6454      ,    377,     96,  0.907,  2.03,   4.68,  0.940,     110.6,     121.1,    6
6455      ,    378,    100,  0.922,  1.82,   4.68,  0.940,     111.7,     119.3,    3
6456      ,    379,    100,  0.908,  2.58,   4.68,  0.940,     104.8,     117.7,    5
6457      ,    380,     91,  0.917,  3.77,   4.68,  0.940,      95.9,     110.9,    6
6458      ,    381,    118,  0.897,  3.95,   4.70,  0.940,     101.0,     120.7,    4
6459      ,    382,    114,  0.916,  2.07,   4.57,  0.940,     110.0,     119.5,    3
6460      ,    383,    116,  0.908,  2.54,   4.57,  0.940,     114.8,     128.6,    4
6461      ,    384,    126,  0.890,  3.15,   4.57,  0.940,     108.4,     127.1,    4
6462      ,    385,     90,  0.881,  2.46,   4.57,  0.940,     110.6,     126.7,   11
6463      ,    386,    100,  0.852,  4.58,   4.57,  0.940,      96.9,     125.0,    6
6464      ,    387,    113,  0.837,  5.31,   4.57,  0.940,      88.9,     120.9,   65
6465      ,    388,     97,  0.859,  4.74,   4.57,  0.940,      88.5,     113.9,    4
6466      ,    389,     88,  0.863,  5.38,   4.57,  0.940,      94.6,     122.2,    3
6467      ,    390,     51,  0.863,  3.35,   4.57,  0.940,     108.2,     131.8,   17
6468      ,    391,    117,  0.866,  3.70,   4.57,  0.940,     112.1,     137.5,    5
6469      ,    392,    120,  0.886,  2.55,   4.57,  0.940,     121.5,     139.5,   12
6470      ,    393,    100,  0.857,  4.01,   4.57,  0.940,     112.0,     142.0,   81
6471      ,    394,    121,  0.880,  2.76,   4.57,  0.940,      98.2,     114.4,   11
6472      ,    395,     96,  0.851,  4.59,   4.57,  0.940,      95.3,     123.0,    6
6473      ,    396,    133,  0.837,  5.95,   4.57,  0.940,      98.7,     135.0,    4
6474      ,    397,    126,  0.885,  2.68,   4.57,  0.940,     121.0,     139.8,    6
6475      ,    398,     90,  0.840,  3.09,   4.57,  0.940,     117.3,     144.5,   60
6476      ,    399,    106,  0.814,  4.99,   4.49,  0.940,     101.2,     138.8,   12
6477      ,    400,     89,  0.859, 12.61,   3.55,  0.940,     101.4,     143.9,    6
6478      ,    401,    119,  0.844,  3.89,   4.18,  0.940,     110.3,     140.3,   16
6542      ,    402,    140,  0.761,  3.71,   4.63,  0.940,      92.9,     129.2,   96
6543      ,    403,    118,  0.871,  2.68,   3.54,  0.940,     109.1,     127.9,   10
6544      ,    404,     81,  0.859,  5.60,   4.05,  0.940,     106.9,     139.9,    4
6545      ,    405,     89,  0.902,  2.03,   4.54,  0.940,     129.4,     142.2,    9
6546      ,    406,    121,  0.899,  2.36,   4.54,  0.940,     127.1,     142.8,    8
6547      ,    407,    123,  0.907,  2.37,   4.68,  0.940,     121.3,     135.1,    3
6548      ,    408,    126,  0.886,  2.45,   4.68,  0.940,     115.6,     132.1,    8
6549      ,    409,    123,  0.856,  3.35,   4.68,  0.940,     101.4,     124.6,   30
6550      ,    410,    115,  0.885,  3.88,   4.68,  0.940,     101.2,     122.4,    5
6551      ,    411,    126,  0.897,  3.71,   4.68,  0.940,     106.0,     125.2,    4
6552      ,    412,    113,  0.891,  2.78,   4.68,  0.940,     113.0,     130.5,    8
6553      ,    413,    105,  0.901,  2.61,   4.68,  0.940,     107.6,     121.9,    3
6554      ,    414,    114,  0.915,  1.94,   4.68,  0.940,     110.1,     119.1,    3
6555      ,    415,     86,  0.913,  2.90,   4.68,  0.940,     104.4,     118.2,    4
6556      ,    416,    100,  0.915,  2.74,   4.68,  0.940,      98.2,     110.0,    5
6557      ,    417,    108,  0.909,  3.10,   4.68,  0.940,     100.0,     114.4,    4
6558      ,    418,    125,  0.912,  2.01,   4.68,  0.940,     108.3,     117.9,    3
6559      ,    419,    127,  0.938,  1.12,   4.68,  0.940,     117.0,     118.2,    4
6560      ,    420,    104,  0.921,  2.49,   4.70,  0.940,     115.0,     126.8,    5
6561      ,    421,     99,  0.905,  1.92,   4.57,  0.940,     117.2,     127.8,    8
6562      ,    422,    112,  0.873,  2.51,   4.57,  0.940,     109.4,     126.8,   55
6563      ,    423,     91,  0.856,  3.91,   4.57,  0.940,      94.5,     118.5,    6
6564      ,    424,    112,  0.862,  3.30,   4.57,  0.940,      97.1,     118.2,   20
6565      ,    425,     56,  0.886,  2.94,   4.57,  0.940,     100.8,     117.5,    7
6566      ,    426,     75,  0.859,  3.74,   4.57,  0.940,      93.7,     116.2,   10
6567      ,    427,    107,  0.811,  9.68,   4.57,  0.940,      84.3,     127.7,    5
6568      ,    428,     99,  0.788,  4.20,   4.57,  0.940,      96.4,     132.5,   60
6569      ,    429,    120,  0.901,  2.23,   4.57,  0.940,     120.4,     133.8,    5
6570      ,    430,    110,  0.866,  3.68,   4.57,  0.940,     110.1,     135.5,    7
6571      ,    431,    107,  0.875,  3.25,   4.57,  0.940,     105.2,     125.8,    9
6572      ,    432,    120,  0.856,  4.63,   4.57,  0.940,     104.4,     132.8,    4
6573      ,    433,    102,  0.868,  4.69,   4.57,  0.940,     112.5,     141.2,    4
6574      ,    434,    133,  0.876,  3.13,   4.57,  0.940,     126.2,     150.0,    8
6575      ,    435,    102,  0.862,  4.84,   4.49,  0.940,     114.5,     144.7,    3
6576      ,    436,     82,  0.829,  5.60,   3.37,  0.940,      91.3,     125.4,    5
6577      ,    437,     71,  0.826,  8.23,   4.27,  0.940,      88.3,     130.7,    8
6643      ,    438,     91,  0.836,  8.10,   4.32,  0.940,      97.2,     140.5,    5
6644      ,    439,     92,  0.867,  3.28,   3.35,  0.940,     115.6,     139.5,    7
6645      ,    440,    115,  0.847,  2.83,   4.05,  0.940,     116.2,     140.9,   83
6646      ,    441,    104,  0.882,  3.41,   4.54,  0.940,     112.0,     133.6,    3
6647      ,    442,    106,  0.912,  2.19,   4.54,  0.940,     122.4,     134.4,    4
6648      ,    443,    115,  0.912,  2.17,   4.54,  0.940,     120.1,     131.7,    4
6649      ,    444,    123,  0.909,  2.05,   4.68,  0.940,     117.2,     128.1,    5
6650      ,    445,    121,  0.909,  2.17,   4.68,  0.940,     114.9,     126.3,    2
6651      ,    446,    124,  0.914,  1.81,   4.68,  0.940,     114.1,     122.6,    5
6652      ,    447,     88,  0.908,  1.89,   4.68,  0.940,     113.4,     123.2,    8
6653      ,    448,     99,  0.915,  1.72,   4.68,  0.940,     110.8,     118.3,    5
6654      ,    449,    129,  0.894,  2.66,   4.68,  0.940,     103.4,     118.1,    5
6655      ,    450,     95,  0.902,  2.48,   4.68,  0.940,     100.2,     112.7,    2
6656      ,    451,     78,  0.894,  2.94,   4.68,  0.940,      96.4,     111.5,    3
6657      ,    452,     90,  0.895,  4.21,   4.68,  0.940,     103.7,     124.6,    4
6658      ,    453,    121,  0.906,  2.32,   4.68,  0.940,     116.0,     129.0,    3
6659      ,    454,    117,  0.933,  1.22,   4.68,  0.940,     119.5,     122.0,    2
6660      ,    455,    115,  0.912,  2.30,   4.68,  0.940,     115.0,     127.0,    3
6661      ,    456,    104,  0.894,  2.58,   4.68,  0.940,     108.6,     123.6,    7
6662      ,    457,    122,  0.873,  3.37,   4.70,  0.940,     101.6,     122.2,    5
6663      ,    458,     90,  0.876,  3.18,   4.72,  0.940,     102.1,     121.6,   11
6664      ,    459,     87,  0.875,  2.41,   4.57,  0.940,      99.2,     114.2,   12
6665      ,    460,     80,  0.830,  3.18,   4.57,  0.940,      90.8,     113.9,   89
6666      ,    461,    102,  0.811,  6.86,   4.57,  0.940,      76.2,     110.3,    6
6667      ,    462,    102,  0.802,  6.60,   4.57,  0.940,      82.0,     119.2,    6
6668      ,    463,    110,  0.847,  3.98,   4.57,  0.940,     104.3,     132.0,    8
6669      ,    464,    115,  0.888,  3.27,   4.57,  0.940,     111.6,     131.7,    4
6670      ,    465,    124,  0.884,  3.06,   4.57,  0.940,     111.7,     131.5,    6
6671      ,    466,    108,  0.893,  2.99,   4.57,  0.940,     111.4,     129.3,    3
6672      ,    467,    104,  0.878,  3.18,   4.57,  0.940,     109.5,     130.2,    6
6673      ,    468,    104,  0.896,  3.22,   4.57,  0.940,     118.1,     137.6,    4
6674      ,    469,    112,  0.890,  3.32,   4.49,  0.940,     118.3,     139.3,    4
6675      ,    470,    105,  0.881,  3.67,   3.37,  0.940,     107.9,     130.4,    3
6676      ,    471,     86,  0.870,  3.61,   3.97,  0.940,     100.4,     122.3,    5
6744      ,    472,    126,  0.849,  4.85,   4.27,  0.940,     104.6,     136.1,    3
6745      ,    473,    100,  0.863,  5.60,   3.35,  0.940,      94.6,     124.2,    7
6746      ,    474,     92,  0.902,  2.03,   4.05,  0.940,     114.0,     125.2,    7
6747      ,    475,    106,  0.914,  2.15,   4.54,  0.940,     113.4,     124.0,    3
6748      ,    476,    108,  0.920,  1.99,   4.54,  0.940,     117.6,     126.9,    3
6749      ,    477,    120,  0.927,  1.73,   4.54,  0.940,     120.3,     127.3,    4
6750      ,    478,    141,  0.925,  1.99,   4.54,  0.940,     120.5,     129.3,    4
6751      ,    479,    135,  0.914,  1.94,   4.68,  0.940,     118.6,     128.5,    2
6752      ,    480,     97,  0.880,  2.73,   4.68,  0.940,     108.7,     126.5,    8
6753      ,    481,    114,  0.873,  3.47,   4.68,  0.940,     102.6,     124.1,    7
6754      ,    482,    129,  0.879,  2.47,   4.68,  0.940,     108.9,     125.2,   34
6755      ,    483,    130,  0.851,  3.46,   4.68,  0.940,     101.8,     126.3,   63
6756      ,    484,    116,  0.857,  4.18,   4.68,  0.940,      92.2,     116.2,    4
6757      ,    485,    117,  0.844,  5.40,   4.68,  0.940,      97.6,     130.4,    5
6758      ,    486,     88,  0.899,  2.41,   4.68,  0.940,     112.8,     126.9,    6
6759      ,    487,    106,  0.935,  1.16,   4.68,  0.940,     119.7,     121.6,    2
6760      ,    488,    107,  0.917,  1.93,   4.68,  0.940,     111.1,     120.0,    3
6761      ,    489,    116,  0.912,  1.92,   4.68,  0.940,     108.3,     117.4,    4
6762      ,    490,    133,  0.908,  1.73,   4.68,  0.940,     107.6,     115.7,    9
6763      ,    491,    102,  0.876,  2.41,   4.68,  0.940,     101.7,     116.9,   58
6764      ,    492,     93,  0.845,  3.23,   4.70,  0.940,      92.2,     114.0,   57
6765      ,    493,    107,  0.812,  6.74,   4.72,  0.940,      81.1,     116.8,    9
6766      ,    494,    103,  0.827,  5.15,   4.57,  0.940,      85.2,     116.0,   12
6767      ,    495,    106,  0.873,  3.34,   4.57,  0.940,     101.4,     121.9,    7
6768      ,    496,     96,  0.862,  4.29,   4.57,  0.940,     105.6,     133.2,    5
6769      ,    497,     72,  0.875,  3.77,   4.57,  0.940,     113.8,     139.3,    6
6770      ,    498,    131,  0.899,  3.28,   4.57,  0.940,     115.3,     133.7,    4
6771      ,    499,     98,  0.858,  3.52,   4.57,  0.940,     112.8,     139.5,   42
6772      ,    500,    129,  0.896,  2.45,   4.57,  0.940,     109.3,     123.4,    5
6773      ,    501,    100,  0.898,  4.17,   4.57,  0.940,     106.9,     127.5,    6
6774      ,    502,     97,  0.891,  2.70,   4.06,  0.940,     114.9,     131.9,    9
6775      ,    503,     82,  0.874,  2.79,   3.45,  0.940,     111.6,     131.1,   34
6845      ,    504,     68,  0.868,  3.63,   4.27,  0.940,     102.3,     125.3,    6
6846      ,    505,     71,  0.901,  3.01,   3.35,  0.940,     107.0,     123.1,    4
6847      ,    506,     93,  0.893,  4.00,   4.05,  0.940,     103.7,     124.3,    4
6848      ,    507,    109,  0.894,  2.73,   4.54,  0.940,     111.5,     127.9,    4
6849      ,    508,     90,  0.912,  2.33,   4.54,  0.940,     119.6,     132.1,    3
6850      ,    509,    147,  0.927,  1.74,   4.54,  0.940,     127.0,     134.4,    4
6851      ,    510,    141,  0.902,  2.03,   4.54,  0.940,     125.5,     138.2,    6
6852      ,    511,    129,  0.861,  4.24,   4.54,  0.940,     107.4,     135.9,   13
6853      ,    512,    132,  0.881,  4.99,   4.67,  0.940,     107.1,     134.7,    5
6854      ,    513,    149,  0.896,  2.54,   4.68,  0.940,     120.8,     137.1,    6
6855      ,    514,    133,  0.877,  2.75,   4.71,  0.940,     115.7,     135.3,   10
6856      ,    515,    143,  0.846,  3.36,   4.98,  0.940,     105.0,     130.5,   60
6857      ,    516,    108,  0.866,  3.09,   4.71,  0.940,     105.4,     126.4,   15
6858      ,    517,    113,  0.887,  2.20,   4.68,  0.940,     108.3,     122.0,   46
6859      ,    518,    115,  0.900,  1.92,   4.68,  0.940,     105.4,     115.3,   11
6860      ,    519,     56,  0.932,  1.41,   4.68,  0.940,     109.9,     113.7,    4
6861      ,    520,     90,  0.924,  2.21,   4.68,  0.940,     112.7,     122.4,    5
6862      ,    521,     67,  0.913,  1.70,   4.68,  0.940,     117.4,     125.5,    6
6863      ,    522,    120,  0.871,  3.16,   4.68,  0.940,     106.5,     127.7,   24
6864      ,    523,    123,  0.864,  3.15,   4.68,  0.940,      94.3,     113.9,   10
6865      ,    524,    120,  0.838,  3.54,   4.68,  0.940,      94.7,     120.1,   87
6866      ,    525,     64,  0.856,  3.04,   4.68,  0.940,     102.9,     124.8,   69
6867      ,    526,     89,  0.853,  3.37,   4.72,  0.940,     103.0,     127.4,   82
6868      ,    527,     91,  0.853,  3.82,   4.72,  0.940,     101.0,     126.6,   10
6869      ,    528,     87,  0.840,  5.94,   4.57,  0.940,     100.4,     135.2,    3
6870      ,    529,    114,  0.832,  3.73,   4.57,  0.940,     106.1,     136.0,   22
6871      ,    530,    120,  0.868,  4.01,   4.57,  0.940,     115.4,     143.8,   13
6872      ,    531,     80,  0.881,  2.75,   4.57,  0.940,     108.2,     126.3,   18
6873      ,    532,     76,  0.898,  3.07,   4.20,  0.940,     108.8,     125.7,    4
6874      ,    533,     86,  0.930,  1.63,   2.94,  0.940,     107.5,     112.8,    5
6946      ,    534,     86,  0.858,  5.21,   4.27,  0.940,     101.0,     131.4,    4
6947      ,    535,     92,  0.864,  3.74,   3.35,  0.940,     100.0,     123.1,    6
6948      ,    536,    101,  0.879,  2.95,   4.05,  0.940,     104.8,     123.3,    4
6949      ,    537,    108,  0.880,  3.99,   4.54,  0.940,     113.6,     138.1,    3
6950      ,    538,    105,  0.886,  2.01,   4.54,  0.940,     127.8,     142.4,   85
6951      ,    539,    131,  0.929,  1.25,   4.54,  0.940,     136.4,     140.1,    6
6952      ,    540,    148,  0.885,  2.83,   4.54,  0.940,     122.3,     142.2,    9
6953      ,    541,    114,  0.894,  3.10,   4.54,  0.940,     125.7,     146.5,    5
6954      ,    542,    153,  0.908,  2.12,   4.54,  0.940,     134.2,     147.5,    4
6955      ,    543,    155,  0.922,  1.79,   4.51,  0.940,     132.9,     141.8,    3
6956      ,    544,    130,  0.919,  2.71,   3.72,  0.940,     122.9,     136.9,    5
6957      ,    545,    107,  0.887,  3.37,   3.74,  0.940,     114.7,     135.2,    3
6958      ,    546,    125,  0.876,  4.51,   3.74,  0.940,     101.1,     126.2,    4
6959      ,    547,    107,  0.895,  2.14,   4.51,  0.940,     104.6,     116.4,    4
6960      ,    548,    109,  0.834,  2.88,   4.71,  0.940,      95.7,     117.5,   98
6961      ,    549,    116,  0.791,  4.52,   4.68,  0.940,      88.9,     122.3,    3
6962      ,    550,     91,  0.819,  4.03,   4.68,  0.940,     100.4,     132.2,   78
6963      ,    551,    117,  0.830,  4.10,   4.68,  0.940,     100.0,     130.0,    8
6964      ,    552,     88,  0.886,  2.39,   4.68,  0.940,     112.1,     127.5,   22
6965      ,    553,    100,  0.877,  2.23,   4.68,  0.940,     109.0,     124.1,   32
6966      ,    554,     97,  0.833,  3.65,   4.68,  0.940,      97.1,     124.2,   76
6967      ,    555,     87,  0.832,  5.60,   4.68,  0.940,      87.8,     120.4,    9
6968      ,    556,    109,  0.855,  4.44,   4.68,  0.940,      90.6,     115.9,    7
6969      ,    557,    114,  0.835,  9.23,   4.70,  0.940,      90.1,     129.9,    5
6970      ,    558,    129,  0.843,  4.30,   4.72,  0.940,     106.9,     138.6,   75
6971      ,    559,    116,  0.877,  3.97,   4.57,  0.940,     110.7,     134.8,    3
6972      ,    560,     97,  0.854,  2.62,   4.49,  0.940,     109.4,     130.1,   91
6973      ,    561,     57,  0.891,  2.71,   3.09,  0.940,     109.8,     126.3,   28
6974      ,    562,    106,  0.891,  4.08,   5.43,  0.940,     106.1,     128.8,    7
7047      ,    563,     66,  0.830,  9.70,   4.27,  0.940,      86.2,     126.4,    4
7048      ,    564,    107,  0.885,  2.62,   3.35,  0.940,      99.6,     114.7,    6
7049      ,    565,    117,  0.870,  7.55,   4.05,  0.940,     103.0,     139.5,    3
7050      ,    566,    110,  0.877,  2.81,   4.54,  0.940,     122.3,     143.3,   20
7051      ,    567,    108,  0.891,  2.22,   4.54,  0.940,     129.5,     145.6,   12
7052      ,    568,    126,  0.921,  1.61,   4.54,  0.940,     133.3,     140.6,    3
7053      ,    569,    112,  0.914,  2.06,   4.54,  0.940,     134.9,     147.0,    4
7054      ,    570,    131,  0.917,  1.59,   4.48,  0.940,     139.0,     147.1,    7
7055      ,    571,    142,  0.939,  1.02,   3.39,  0.940,     140.5,     140.7,    2
7057      ,    572,     90,  0.908,  2.64,   3.40,  0.940,     122.6,     138.3,    5
7058      ,    573,    102,  0.911,  4.15,   3.86,  0.940,     111.8,     130.4,   10
7059      ,    574,    101,  0.891,  1.70,   2.81,  0.940,     105.6,     115.1,   95
7060      ,    575,    110,  0.782,  6.03,   3.08,  0.940,      80.5,     121.2,   67
7061      ,    576,     91,  0.821,  5.52,   3.64,  0.940,      87.0,     117.6,    4
7062      ,    577,    108,  0.830,  3.99,   4.71,  0.940,      96.9,     125.7,   12
7063      ,    578,    119,  0.865,  3.30,   4.68,  0.940,     105.3,     127.8,   14
7064      ,    579,    108,  0.888,  2.89,   4.71,  0.940,     109.9,     127.6,    4
7065      ,    580,    140,  0.851,  3.56,   4.98,  0.940,     100.6,     124.8,    7
7066      ,    581,     83,  0.835,  4.95,   4.71,  0.940,      89.4,     119.7,   12
7067      ,    582,     97,  0.855,  4.67,   4.68,  0.940,      91.7,     118.0,    4
7068      ,    583,    131,  0.857,  3.89,   4.71,  0.940,      96.3,     121.2,   49
7069      ,    584,    133,  0.865,  4.10,   4.51,  0.940,     101.5,     126.9,    5
7070      ,    585,    116,  0.896,  2.95,   3.70,  0.940,     112.3,     129.2,    3
7071      ,    586,     98,  0.882,  2.45,   2.96,  0.940,     112.8,     129.1,    4
7072      ,    587,     97,  0.832,  3.39,   2.95,  0.940,      99.0,     126.1,   84
7073      ,    588,     88,  0.831,  5.74,   5.43,  0.940,      95.1,     132.1,   79
7148      ,    589,     91,  0.872,  3.93,   4.27,  0.940,      96.8,     118.8,    3
7149      ,    590,    129,  0.898,  2.43,   3.35,  0.940,     105.2,     118.4,    4
7150      ,    591,    116,  0.881,  6.47,   4.05,  0.940,     111.3,     144.0,    4
7151      ,    592,    125,  0.845,  3.61,   4.54,  0.940,     119.6,     150.8,   67
7152      ,    593,    123,  0.864,  2.74,   4.54,  0.940,     125.8,     149.1,   85
7153      ,    594,    113,  0.889,  3.68,   4.54,  0.940,     122.7,     146.7,    4
7154      ,    595,    100,  0.906,  1.66,   3.75,  0.940,     139.3,     149.4,   66
7155      ,    596,    111,  0.931,  1.18,   3.09,  0.940,     147.6,     150.3,    7
7160      ,    597,     99,  0.862,  3.28,   4.41,  0.940,     105.6,     128.0,    8
7161      ,    598,     79,  0.890,  2.41,   3.35,  0.940,     107.9,     122.3,    6
7162      ,    599,     92,  0.890,  3.48,   2.68,  0.940,     101.7,     121.1,    9
7163      ,    600,     71,  0.903,  1.69,   2.56,  0.940,     106.5,     114.7,   45
7164      ,    601,     97,  0.875,  5.33,   3.02,  0.940,      99.2,     126.8,    3
7165      ,    602,    156,  0.853,  7.52,   3.82,  0.940,     101.5,     139.4,    5
7166      ,    603,    138,  0.843,  7.33,   3.64,  0.940,     100.2,     141.4,   20
7167      ,    604,    113,  0.863, 11.10,   2.47,  0.940,      91.4,     133.4,    7
7168      ,    605,    127,  0.895,  3.46,   2.97,  0.940,     104.8,     122.6,    6
7169      ,    606,    114,  0.912,  2.80,   2.92,  0.940,     114.7,     129.2,    5
7170      ,    607,     95,  0.913,  1.93,   3.21,  0.940,     120.5,     130.6,    4
7171      ,    608,     93,  0.884,  3.00,   4.66,  0.940,     115.0,     134.5,    5
7172      ,    609,     84,  0.818,  4.65,   4.12,  0.940,      99.6,     135.7,   66
7249      ,    610,    114,  0.883,  2.65,   4.85,  0.940,     105.6,     121.6,    4
7250      ,    611,     88,  0.919,  2.13,   2.97,  0.940,     112.0,     121.7,    4
7251      ,    612,    106,  0.889,  4.85,   2.93,  0.940,     112.7,     139.0,    4
7252      ,    613,     86,  0.889,  2.52,   3.72,  0.940,     120.6,     137.7,    9
7253      ,    614,    116,  0.900,  4.15,   2.93,  0.940,     118.7,     142.3,    4
7254      ,    615,    116,  0.894,  2.86,   4.17,  0.940,     128.9,     148.6,    3
7255      ,    616,     79,  0.900,  2.03,   5.49,  0.940,     138.1,     152.1,   11
7262      ,    617,     70,  0.840,  3.87,   5.77,  0.940,     102.3,     130.4,   12
7263      ,    618,     77,  0.839,  3.71,   5.76,  0.940,     106.6,     135.1,   12
7264      ,    619,     73,  0.859,  4.53,   4.49,  0.940,     112.4,     142.5,    4
7266      ,    620,    141,  0.822,  4.19,   3.85,  0.940,     105.0,     139.1,   61
7267      ,    621,    135,  0.808,  6.51,   4.82,  0.940,     102.1,     146.5,    6
7268      ,    622,    125,  0.831,  4.33,   5.11,  0.940,     109.4,     143.6,   21
7350      ,    623,     70,  0.886,  4.49,   5.66,  0.940,     111.9,     137.2,    3
7351      ,    624,    100,  0.899,  3.26,   5.11,  0.940,     119.7,     138.8,    5
7352      ,    625,    122,  0.912,  2.05,   3.80,  0.940,     121.2,     132.1,    3
7353      ,    626,    106,  0.894,  5.10,   5.11,  0.940,     117.9,     145.0,    5
7354      ,    627,     95,  0.899,  2.77,   3.73,  0.940,     126.7,     144.8,    4
7367      ,    628,    100,  0.828,  6.11,   3.68,  0.940,     103.7,     143.2,    4
