Species__,Time______,TFactor,St_Dev,,___spt,___est,N>0.00,N>0.98
S1        ,1985      ,   0.753,  0.046,    577,  577.0,  577.0,    628,    420
S10       ,1985      ,   2.018,  0.624,    627,  627.0,  625.8,    628,    438
S100      ,1985      ,   0.809,  0.052,    586,  586.0,  586.0,    628,    422
S101      ,1985      ,   2.184,  0.856,    628,  628.0,  626.4,    628,    438
S102      ,1985      ,   0.379,  0.051,     61,   61.0,   61.0,    329,      1
S103      ,1985      ,   0.459,  0.026,    409,  409.0,  409.0,    626,    185
S104      ,1985      ,   1.451,  0.194,    621,  621.0,  620.9,    628,    438
S105      ,1985      ,   0.516,  0.030,    430,  430.0,  430.0,    621,    227
S106      ,1985      ,   0.832,  0.465,      6,    6.0,    6.0,     24,      0
S107      ,1985      ,   0.369,  0.153,      7,    7.0,    7.0,     57,      0
S108      ,1985      ,   0.215,  0.107,      5,    5.0,    5.0,     31,      0
S109      ,1985      ,   0.293,  0.101,     10,   10.0,   10.0,     55,      0
S11       ,1985      ,   0.421,  0.024,    398,  398.0,  398.0,    628,    188
S110      ,1985      ,   0.371,  0.201,      4,    4.0,    4.0,     33,      0
S111      ,1985      ,   0.419,  0.026,    332,  332.0,  332.0,    614,    146
S112      ,1985      ,   0.359,  0.059,     44,   44.0,   44.0,    199,      4
S113      ,1985      ,   0.496,  0.028,    450,  450.0,  450.0,    624,    259
S114      ,1985      ,   0.401,  0.044,     97,   97.0,   97.0,    384,      7
S115      ,1985      ,   0.518,  0.028,    498,  498.0,  498.0,    628,    320
S116      ,1985      ,   0.443,  0.025,    402,  402.0,  402.0,    623,    223
S117      ,1985      ,   0.317,  0.026,    164,  164.0,  164.0,    572,     39
S118      ,1985      ,   0.360,  0.143,      7,    7.0,    7.0,     65,      0
S119      ,1985      ,   0.384,  0.027,    254,  254.0,  254.0,    567,    103
S12       ,1985      ,   0.376,  0.127,     10,   10.0,   10.0,     88,      0
S120      ,1985      ,   0.370,  0.060,     44,   44.0,   44.0,    224,      3
S121      ,1985      ,   0.291,  0.127,      6,    6.0,    6.0,     55,      0
S122      ,1985      ,   0.381,  0.113,     14,   14.0,   14.0,     87,      2
S123      ,1985      ,   0.349,  0.032,    137,  137.0,  137.0,    446,     33
S124      ,1985      ,   0.472,  0.056,     81,   81.0,   81.0,    364,      6
S125      ,1985      ,   0.448,  0.049,    104,  104.0,  104.0,    335,     14
S126      ,1985      ,   1.878,  0.470,    626,  626.0,  625.2,    628,    438
S127      ,1985      ,   0.724,  0.044,    560,  560.0,  560.0,    628,    392
S128      ,1985      ,   0.350,  0.026,    201,  201.0,  201.0,    589,     41
S129      ,1985      ,   0.669,  0.039,    555,  555.0,  555.0,    628,    391
S13       ,1985      ,   0.382,  0.035,    134,  134.0,  134.0,    483,     19
S130      ,1985      ,   0.499,  0.106,     27,   27.0,   27.0,    120,      0
S131      ,1985      ,   0.424,  0.027,    316,  316.0,  316.0,    558,    170
S132      ,1985      ,   0.588,  0.140,     21,   21.0,   21.0,    109,      0
S133      ,1985      ,   0.476,  0.109,     24,   24.0,   24.0,    115,      2
S134      ,1985      ,   0.321,  0.024,    197,  197.0,  197.0,    599,     38
S135      ,1985      ,   0.512,  0.029,    431,  431.0,  431.0,    624,    230
S136      ,1985      ,   1.215,  1.298,      2,    2.0,    2.0,      8,      0
S137      ,1985      ,   0.230,  0.179,      2,    2.0,    2.0,     20,      0
S138      ,1985      ,   0.462,  0.087,     32,   32.0,   32.0,    179,      0
S139      ,1985      ,   0.814,  0.053,    583,  583.0,  583.0,    628,    415
S14       ,1985      ,   0.354,  0.025,    240,  240.0,  240.0,    600,     57
S140      ,1985      ,   1.665,  0.300,    624,  624.0,  623.6,    628,    437
S141      ,1985      ,   0.600,  0.033,    535,  535.0,  535.0,    628,    376
S142      ,1985      ,   2.018,  0.624,    627,  627.0,  625.8,    628,    438
S143      ,1985      ,   0.453,  0.025,    425,  425.0,  425.0,    624,    237
S144      ,1985      ,   0.660,  0.038,    555,  555.0,  555.0,    628,    402
S145      ,1985      ,   1.878,  0.470,    626,  626.0,  625.2,    628,    438
S146      ,1985      ,   1.009,  0.079,    605,  605.0,  605.0,    628,    434
S147      ,1985      ,   0.613,  0.035,    530,  530.0,  530.0,    628,    353
S148      ,1985      ,   0.403,  0.024,    333,  333.0,  333.0,    618,    111
S149      ,1985      ,   0.448,  0.085,     34,   34.0,   34.0,    167,      2
S15       ,1985      ,   0.913,  0.065,    595,  595.0,  595.0,    628,    419
S150      ,1985      ,   0.809,  0.052,    584,  584.0,  584.0,    628,    409
S151      ,1985      ,   2.184,  0.856,    628,  628.0,  626.4,    628,    438
S152      ,1985      ,   0.681,  0.040,    564,  564.0,  564.0,    628,    413
S153      ,1985      ,   1.673,  0.304,    624,  624.0,  623.6,    628,    438
S154      ,1985      ,   0.669,  0.039,    557,  557.0,  557.0,    628,    397
S155      ,1985      ,   0.242,  0.094,      8,    8.0,    8.0,     58,      1
S156      ,1985      ,   1.249,  0.129,    616,  616.0,  616.0,    628,    436
S157      ,1985      ,   0.840,  0.055,    589,  589.0,  589.0,    628,    419
S158      ,1985      ,   1.220,  0.280,     38,   38.0,   38.0,     91,      4
S159      ,1985      ,   0.441,  0.024,    428,  428.0,  428.0,    628,    233
S16       ,1985      ,   0.359,  0.028,    188,  188.0,  188.0,    582,     16
S160      ,1985      ,   0.681,  0.040,    564,  564.0,  564.0,    628,    411
S161      ,1985      ,   0.581,  0.376,      3,    3.0,    3.0,     24,      0
S162      ,1985      ,   0.447,  0.026,    375,  375.0,  375.0,    617,    177
S163      ,1985      ,   0.279,  0.063,     21,   21.0,   21.0,    172,      0
S164      ,1985      ,   0.373,  0.027,    219,  219.0,  219.0,    570,     51
S165      ,1985      ,   0.432,  0.168,      8,    8.0,    8.0,     53,      0
S166      ,1985      ,   0.418,  0.058,     58,   58.0,   58.0,    307,      0
S167      ,1985      ,   0.153,  0.074,      5,    5.0,    5.0,     46,      2
S168      ,1985      ,   0.982,  0.074,    603,  603.0,  603.0,    628,    419
S169      ,1985      ,   0.707,  0.042,    562,  562.0,  562.0,    628,    399
S17       ,1985      ,   0.390,  0.030,    198,  198.0,  198.0,    558,     53
S170      ,1985      ,   0.371,  0.028,    199,  199.0,  199.0,    573,     33
S171      ,1985      ,   0.699,  0.608,      2,    2.0,    2.0,     14,      0
S172      ,1985      ,   0.417,  0.024,    376,  376.0,  376.0,    613,    183
S173      ,1985      ,   0.767,  0.048,    575,  575.0,  575.0,    628,    409
S174      ,1985      ,   0.376,  0.024,    295,  295.0,  295.0,    614,    104
S175      ,1985      ,   0.389,  0.027,    246,  246.0,  246.0,    560,     82
S176      ,1985      ,   0.624,  0.035,    543,  543.0,  543.0,    628,    370
S177      ,1985      ,   0.431,  0.032,    227,  227.0,  227.0,    518,     85
S178      ,1985      ,   0.350,  0.023,    282,  282.0,  282.0,    616,    107
S179      ,1985      ,   1.584,  0.253,    623,  623.0,  622.7,    628,    434
S18       ,1985      ,   0.460,  0.074,     48,   48.0,   48.0,    195,      6
S180      ,1985      ,   1.514,  0.220,    622,  622.0,  621.8,    628,    437
S181      ,1985      ,   0.407,  0.054,     69,   69.0,   69.0,    257,     10
S182      ,1985      ,   1.190,  0.114,    614,  614.0,  614.0,    628,    430
S183      ,1985      ,   0.947,  0.069,    598,  598.0,  598.0,    628,    415
S184      ,1985      ,   0.637,  0.036,    550,  550.0,  550.0,    628,    395
S185      ,1985      ,   3.464,  3.489,      4,    4.0,    4.0,     11,      0
S186      ,1985      ,   1.762,  0.369,    625,  625.0,  624.4,    628,    438
S187      ,1985      ,   2.018,  0.624,    627,  627.0,  625.8,    628,    438
S188      ,1985      ,   0.743,  0.045,    573,  573.0,  573.0,    628,    397
S189      ,1985      ,   1.185,  0.113,    614,  614.0,  614.0,    628,    434
S19       ,1985      ,   0.369,  0.090,     20,   20.0,   20.0,    115,      1
S190      ,1985      ,   1.243,  0.127,    616,  616.0,  616.0,    628,    435
S191      ,1985      ,   0.330,  0.026,    186,  186.0,  186.0,    518,     48
S192      ,1985      ,   0.458,  0.026,    431,  431.0,  431.0,    625,    249
S193      ,1985      ,   0.330,  0.037,     95,   95.0,   95.0,    303,     48
S194      ,1985      ,   0.399,  0.071,     42,   42.0,   42.0,    156,     14
S195      ,1985      ,   0.423,  0.072,     40,   40.0,   40.0,    217,      0
S196      ,1985      ,   0.399,  0.052,     72,   72.0,   72.0,    311,     13
S197      ,1985      ,   1.354,  0.159,    619,  619.0,  619.0,    628,    434
S198      ,1985      ,   0.310,  0.068,     24,   24.0,   24.0,    163,      5
S199      ,1985      ,   2.184,  0.856,    628,  628.0,  626.4,    628,    438
S2        ,1985      ,   0.721,  0.043,    572,  572.0,  572.0,    628,    420
S20       ,1985      ,   0.421,  0.026,    323,  323.0,  323.0,    592,    161
S200      ,1985      ,   1.878,  0.470,    626,  626.0,  625.2,    628,    438
S201      ,1985      ,   0.788,  0.049,    580,  580.0,  580.0,    628,    407
S202      ,1985      ,   0.408,  0.056,     72,   72.0,   72.0,    205,     33
S203      ,1985      ,   0.600,  0.034,    523,  523.0,  523.0,    628,    355
S204      ,1985      ,   0.351,  0.022,    313,  313.0,  313.0,    621,    126
S205      ,1985      ,   0.387,  0.042,     97,   97.0,   97.0,    400,     10
S206      ,1985      ,   0.691,  0.041,    563,  563.0,  563.0,    628,    403
S21       ,1985      ,   0.208,  0.061,     14,   14.0,   14.0,     70,      8
S22       ,1985      ,   1.078,  0.090,    609,  609.0,  609.0,    628,    431
S23       ,1985      ,   0.995,  0.076,    604,  604.0,  604.0,    628,    430
S24       ,1985      ,   0.269,  0.077,     14,   14.0,   14.0,     92,      0
S25       ,1985      ,   0.383,  0.026,    251,  251.0,  251.0,    597,     44
S26       ,1985      ,   0.482,  0.181,     10,   10.0,   10.0,     50,      2
S27       ,1985      ,   0.461,  0.225,      5,    5.0,    5.0,     42,      0
S28       ,1985      ,   0.502,  0.027,    498,  498.0,  498.0,    628,    332
S29       ,1985      ,   0.433,  0.024,    428,  428.0,  428.0,    628,    220
S3        ,1985      ,   0.350,  0.024,    238,  238.0,  238.0,    605,     56
S30       ,1985      ,   0.463,  0.027,    388,  388.0,  388.0,    622,    188
S31       ,1985      ,   0.483,  0.027,    441,  441.0,  441.0,    628,    243
S32       ,1985      ,   0.328,  0.081,     18,   18.0,   18.0,    148,      0
S33       ,1985      ,   0.635,  0.094,     68,   68.0,   68.0,    181,     17
S34       ,1985      ,   0.381,  0.059,     46,   46.0,   46.0,    263,      0
S35       ,1985      ,   0.441,  0.026,    393,  393.0,  393.0,    614,    223
S36       ,1985      ,   0.425,  0.104,     22,   22.0,   22.0,     94,      4
S37       ,1985      ,   0.298,  0.268,      2,    2.0,    2.0,     15,      1
S38       ,1985      ,   2.018,  0.624,    627,  627.0,  625.8,    628,    438
S39       ,1985      ,   0.331,  0.029,    145,  145.0,  145.0,    563,      8
S4        ,1985      ,   0.612,  0.034,    542,  542.0,  542.0,    628,    388
S40       ,1985      ,   0.769,  0.048,    578,  578.0,  578.0,    628,    402
S41       ,1985      ,   1.311,  0.146,    618,  618.0,  618.0,    628,    438
S42       ,1985      ,   2.018,  0.624,    627,  627.0,  625.8,    628,    438
S43       ,1985      ,   0.400,  0.028,    248,  248.0,  248.0,    493,    105
S44       ,1985      ,   0.491,  0.027,    460,  460.0,  460.0,    627,    283
S45       ,1985      ,   0.288,  0.031,    102,  102.0,  102.0,    372,     55
S46       ,1985      ,   0.411,  0.023,    407,  407.0,  407.0,    627,    227
S47       ,1985      ,   0.658,  0.038,    555,  555.0,  555.0,    628,    400
S48       ,1985      ,   0.384,  0.022,    361,  361.0,  361.0,    627,    150
S49       ,1985      ,   0.158,  0.122,      2,    2.0,    2.0,     25,      0
S5        ,1985      ,   0.370,  0.024,    277,  277.0,  277.0,    611,     82
S50       ,1985      ,   0.362,  0.047,     66,   66.0,   66.0,    373,      4
S51       ,1985      ,   0.503,  0.029,    429,  429.0,  429.0,    623,    218
S52       ,1985      ,   0.448,  0.026,    390,  390.0,  390.0,    619,    187
S53       ,1985      ,   0.467,  0.028,    390,  390.0,  390.0,    599,    232
S54       ,1985      ,   0.434,  0.026,    372,  372.0,  372.0,    615,    184
S55       ,1985      ,   0.391,  0.032,    173,  173.0,  173.0,    524,     26
S56       ,1985      ,   0.323,  0.050,     46,   46.0,   46.0,    283,      1
S57       ,1985      ,   0.633,  0.036,    546,  546.0,  546.0,    628,    389
S58       ,1985      ,   0.488,  0.026,    490,  490.0,  490.0,    628,    333
S59       ,1985      ,   0.371,  0.023,    314,  314.0,  314.0,    619,    145
S6        ,1985      ,   0.438,  0.024,    434,  434.0,  434.0,    626,    248
S60       ,1985      ,   1.313,  0.147,    618,  618.0,  618.0,    628,    434
S61       ,1985      ,   0.496,  0.132,     17,   17.0,   17.0,     91,      0
S62       ,1985      ,   0.379,  0.025,    284,  284.0,  284.0,    559,    170
S63       ,1985      ,   0.857,  0.057,    591,  591.0,  591.0,    628,    423
S64       ,1985      ,   0.315,  0.037,     85,   85.0,   85.0,    326,     33
S65       ,1985      ,   0.422,  0.024,    400,  400.0,  400.0,    627,    230
S66       ,1985      ,   0.462,  0.026,    434,  434.0,  434.0,    626,    239
S67       ,1985      ,   0.338,  0.025,    200,  200.0,  200.0,    595,     50
S68       ,1985      ,   1.352,  0.159,    619,  619.0,  619.0,    628,    437
S69       ,1985      ,   0.473,  0.026,    450,  450.0,  450.0,    625,    277
S7        ,1985      ,   0.361,  0.024,    258,  258.0,  258.0,    608,     73
S70       ,1985      ,   2.018,  0.624,    627,  627.0,  625.8,    628,    437
S71       ,1985      ,   0.597,  0.117,     37,   37.0,   37.0,    118,      4
S72       ,1985      ,   1.513,  0.219,    622,  622.0,  621.8,    628,    437
S73       ,1985      ,   0.407,  0.033,    178,  178.0,  178.0,    522,     30
S74       ,1985      ,   0.443,  0.024,    453,  453.0,  453.0,    628,    266
S75       ,1985      ,   0.381,  0.074,     33,   33.0,   33.0,    125,      4
S76       ,1985      ,   0.756,  0.046,    575,  575.0,  575.0,    628,    404
S77       ,1985      ,   1.#QO,  1.#QO,      1,    1.0,   -1.$,      0,      0
S78       ,1985      ,   2.184,  0.856,    628,  628.0,  626.4,    628,    438
S79       ,1985      ,   0.303,  0.046,     48,   48.0,   48.0,    295,      2
S8        ,1985      ,   0.711,  0.042,    570,  570.0,  570.0,    628,    408
S80       ,1985      ,   0.469,  0.026,    462,  462.0,  462.0,    628,    291
S81       ,1985      ,   1.589,  0.254,    623,  623.0,  622.7,    628,    435
S82       ,1985      ,   1.890,  0.863,     13,   13.0,   13.0,     31,      1
S83       ,1985      ,   0.237,  0.051,     24,   24.0,   24.0,    151,      5
S84       ,1985      ,   0.376,  0.028,    216,  216.0,  216.0,    565,     43
S85       ,1985      ,   1.211,  0.119,    615,  615.0,  615.0,    628,    436
S86       ,1985      ,   0.548,  0.362,      3,    3.0,    3.0,     22,      0
S87       ,1985      ,   0.447,  0.029,    301,  301.0,  301.0,    597,    114
S88       ,1985      ,   0.359,  0.022,    326,  326.0,  326.0,    626,    162
S89       ,1985      ,   0.314,  0.027,    148,  148.0,  148.0,    537,     31
S9        ,1985      ,   0.332,  0.030,    146,  146.0,  146.0,    450,     66
S90       ,1985      ,   2.018,  0.624,    627,  627.0,  625.8,    628,    438
S91       ,1985      ,   0.568,  0.032,    501,  501.0,  501.0,    625,    324
S92       ,1985      ,   0.345,  0.022,    279,  279.0,  279.0,    625,     95
S93       ,1985      ,   0.369,  0.023,    307,  307.0,  307.0,    614,    127
S94       ,1985      ,   0.445,  0.025,    416,  416.0,  416.0,    622,    234
S95       ,1985      ,   1.211,  0.119,    615,  615.0,  615.0,    628,    436
S96       ,1985      ,   0.444,  0.044,    127,  127.0,  127.0,    324,     27
S97       ,1985      ,   0.385,  0.166,      7,    7.0,    7.0,     43,      0
S98       ,1985      ,   0.463,  0.125,     17,   17.0,   17.0,     85,      1
S99       ,1985      ,   0.531,  0.294,      4,    4.0,    4.0,     31,      0
